h
250 250 25 50 500 150 50 75 
h
250 250 50 100 500 150 100 150 
h
250 250 75 150 500 150 150 225 
h
250 250 100 200 500 150 200 300 
h
250 250 125 250 500 150 250 375 
h
250 250 150 300 500 150 300 450 
h
250 250 175 350 500 150 350 525 
h
250 250 200 400 500 150 400 600 
h
250 250 225 450 500 150 450 675 
h
250 250 250 500 500 150 500 750 
h
250 250 275 550 500 150 550 825 
h
250 250 300 600 500 150 600 900 
h
250 250 325 650 500 150 650 975 
h
250 250 350 700 500 150 700 1050 
h
250 250 375 750 500 150 750 1125 
h
250 250 400 800 500 150 800 1200 
h
250 250 425 850 500 150 850 1275 
h
250 250 450 900 500 150 900 1350 
h
250 250 475 950 500 150 950 1425 
h
250 250 25 50 100 150 50 75 
h
250 250 50 100 100 150 100 150 
h
250 250 75 150 100 150 150 225 
h
250 250 100 200 100 150 200 300 
h
250 250 125 250 100 150 250 375 
h
250 250 150 300 100 150 300 450 
h
250 250 175 350 100 150 350 525 
h
250 250 200 400 100 150 400 600 
h
250 250 225 450 100 150 450 675 
h
250 250 250 500 100 150 500 750 
h
250 250 275 550 100 150 550 825 
h
250 250 300 600 100 150 600 900 
h
250 250 325 650 100 150 650 975 
h
250 250 350 700 100 150 700 1050 
h
250 250 375 750 100 150 750 1125 
h
250 250 400 800 100 150 800 1200 
h
250 250 425 850 100 150 850 1275 
h
250 250 450 900 100 150 900 1350 
h
250 250 475 950 100 150 950 1425 
b
500 150 25 50 250 250 50 75 
b
500 150 50 100 250 250 100 150 
b
500 150 75 150 250 250 150 225 
b
500 150 100 200 250 250 200 300 
b
500 150 125 250 250 250 250 375 
b
500 150 150 300 250 250 300 450 
b
500 150 175 350 250 250 350 525 
b
500 150 200 400 250 250 400 600 
b
500 150 225 450 250 250 450 675 
b
500 150 250 500 250 250 500 750 
b
500 150 275 550 250 250 550 825 
b
500 150 300 600 250 250 600 900 
b
500 150 325 650 250 250 650 975 
b
500 150 350 700 250 250 700 1050 
b
500 150 375 750 250 250 750 1125 
b
500 150 400 800 250 250 800 1200 
b
500 150 425 850 250 250 850 1275 
b
500 150 450 900 250 250 900 1350 
b
500 150 475 950 250 250 950 1425 
b
100 150 25 50 250 250 50 75 
b
100 150 50 100 250 250 100 150 
b
100 150 75 150 250 250 150 225 
b
100 150 100 200 250 250 200 300 
b
100 150 125 250 250 250 250 375 
b
100 150 150 300 250 250 300 450 
b
100 150 175 350 250 250 350 525 
b
100 150 200 400 250 250 400 600 
b
100 150 225 450 250 250 450 675 
b
100 150 250 500 250 250 500 750 
b
100 150 275 550 250 250 550 825 
b
100 150 300 600 250 250 600 900 
b
100 150 325 650 250 250 650 975 
b
100 150 350 700 250 250 700 1050 
b
100 150 375 750 250 250 750 1125 
b
100 150 400 800 250 250 800 1200 
b
100 150 425 850 250 250 850 1275 
b
100 150 450 900 250 250 900 1350 
b
100 150 475 950 250 250 950 1425 
c
0 0 100
c
0 100 100
c
0 200 100
c
0 300 100
c
0 400 100
c
100 0 100
c
100 100 100
c
100 200 100
c
100 300 100
c
100 400 100
c
200 0 100
c
200 100 100
c
200 200 100
c
200 300 100
c
200 400 100
c
300 0 100
c
300 100 100
c
300 200 100
c
300 300 100
c
300 400 100
c
400 0 100
c
400 100 100
c
400 200 100
c
400 300 100
c
400 400 100
v
g
circle.png