l
0 0 0 200 0 0
l
200 0 0 200 200 0
l
200 200 0 0 200 0
l
0 200 0 0 0 0
l
0 0 200 200 0 200
l
200 0 200 200 200 200
l
200 200 200 0 200 200
l
0 200 200 0 0 200
l
0 0 0 0 0 200
l
0 200 0 0 200 200
l
200 200 0 200 200 200
l
200 0 0 200 0 200
l
0 100 100 100 0 100
l
100 0 100 200 100 100
l
200 100 100 100 200 100
l
100 200 100 0 100 100
l
0 100 100 100 100 0
l
100 0 100 100 100 0
l
200 100 100 100 100 0
l
100 200 100 100 100 0
l
0 100 100 100 100 200
l
100 0 100 100 100 200
l
200 100 100 100 100 200
l
100 200 100 100 100 200
l
0 0 400 200 0 400
l
200 0 400 200 200 400
l
200 200 400 0 200 400
l
0 200 400 0 0 400
l
0 0 -200 200 0 -200
l
200 0 -200 200 200 -200
l
200 200 -200 0 200 -200
l
0 200 -200 0 0 -200
x
20
y
15
z
30
t
240 170 0
a
v
g
redsatellite.ppm