c
0 0 0
c
10 10 10
c
20 20 20
c
30 30 30
c
40 40 40
c
50 50 50
c
60 60 60
c
70 70 70
c
550 0 0
c
540 10 10
c
530 20 20
c
520 30 30
c
510 40 40
c
500 50 50
c
490 60 60
c
480 70 70
h
35 550 -165 750 515 550 315 750
h
55 527 -145 727 495 527 295 727
h
75 504 -125 704 475 504 275 704
h
95 481 -105 681 455 481 255 681
h
115 458 -85 658 435 458 235 658
h
135 435 -65 635 415 435 215 635
h
155 412 -45 612 395 412 195 612
h
175 389 -25 589 375 389 175 589
h
195 366 -5 566 355 366 155 566
h
215 343 15 543 335 343 135 543
h
235 320 35 520 315 320 115 520
h
255 297 55 497 295 297 95 497
b
275 1 275 0 275 0 275 1
b
275 1 275 0 275 0 275 1
b
275 1 285 5 285 20 275 11
b
275 1 265 5 265 20 275 11
b
275 1 295 10 295 40 275 21
b
275 1 255 10 255 40 275 21
b
275 1 305 15 305 60 275 31
b
275 1 245 15 245 60 275 31
b
275 1 315 20 315 80 275 41
b
275 1 235 20 235 80 275 41
b
275 1 325 25 325 100 275 51
b
275 1 225 25 225 100 275 51
b
275 1 335 30 335 120 275 61
b
275 1 215 30 215 120 275 61
b
275 1 345 35 345 140 275 71
b
275 1 205 35 205 140 275 71
b
275 1 355 40 355 160 275 81
b
275 1 195 40 195 160 275 81
b
275 1 365 45 365 180 275 91
b
275 1 185 45 185 180 275 91
b
275 1 375 50 375 200 275 101
b
275 1 175 50 175 200 275 101
b
275 1 385 55 385 220 275 111
b
275 1 165 55 165 220 275 111
b
275 1 395 60 395 240 275 121
b
275 1 155 60 155 240 275 121
b
275 1 405 65 405 260 275 131
b
275 1 145 65 145 260 275 131
b
275 1 415 70 415 280 275 141
b
275 1 135 70 135 280 275 141
b
275 1 425 75 425 300 275 151
b
275 1 125 75 125 300 275 151
b
275 1 435 80 435 320 275 161
b
275 1 115 80 115 320 275 161
b
275 1 445 85 445 340 275 171
b
275 1 105 85 105 340 275 171
b
275 1 455 90 455 360 275 181
b
275 1 95 90 95 360 275 181
b
275 1 465 95 465 380 275 191
b
275 1 85 95 85 380 275 191
b
275 1 475 100 475 400 275 201
b
275 1 75 100 75 400 275 201
b
275 1 485 105 485 420 275 211
b
275 1 65 105 65 420 275 211
b
275 1 495 110 495 440 275 221
b
275 1 55 110 55 440 275 221
v
g
pic.ppm