c
250 250 0
c
250 250 4
c
250 250 8
c
250 250 12
c
250 250 16
c
250 250 20
c
250 250 24
c
250 250 28
c
250 250 32
c
250 250 36
c
250 250 40
c
250 250 44
c
250 250 48
b
 0 52 300 2 200 102 500 52
b
 0 56 300 6 200 106 500 56
b
 0 60 300 10 200 110 500 60
b
 0 64 300 14 200 114 500 64
b
 0 68 300 18 200 118 500 68
b
 0 72 300 22 200 122 500 72
b
 0 76 300 26 200 126 500 76
b
 0 80 300 30 200 130 500 80
b
 0 84 300 34 200 134 500 84
b
 0 88 300 38 200 138 500 88
b
 0 92 300 42 200 142 500 92
b
 0 96 300 46 200 146 500 96
c
250 250 100
c
250 250 104
c
250 250 108
c
250 250 112
c
250 250 116
c
250 250 120
c
250 250 124
c
250 250 128
c
250 250 132
c
250 250 136
c
250 250 140
c
250 250 144
c
250 250 148
b
 0 152 300 102 200 202 500 152
b
 0 156 300 106 200 206 500 156
b
 0 160 300 110 200 210 500 160
b
 0 164 300 114 200 214 500 164
b
 0 168 300 118 200 218 500 168
b
 0 172 300 122 200 222 500 172
b
 0 176 300 126 200 226 500 176
b
 0 180 300 130 200 230 500 180
b
 0 184 300 134 200 234 500 184
b
 0 188 300 138 200 238 500 188
b
 0 192 300 142 200 242 500 192
b
 0 196 300 146 200 246 500 196
c
250 250 200
c
250 250 204
c
250 250 208
c
250 250 212
c
250 250 216
c
250 250 220
c
250 250 224
c
250 250 228
c
250 250 232
c
250 250 236
c
250 250 240
c
250 250 244
c
250 250 248
b
 0 252 300 202 200 302 500 252
b
 0 256 300 206 200 306 500 256
b
 0 260 300 210 200 310 500 260
b
 0 264 300 214 200 314 500 264
b
 0 268 300 218 200 318 500 268
b
 0 272 300 222 200 322 500 272
b
 0 276 300 226 200 326 500 276
b
 0 280 300 230 200 330 500 280
b
 0 284 300 234 200 334 500 284
b
 0 288 300 238 200 338 500 288
b
 0 292 300 242 200 342 500 292
b
 0 296 300 246 200 346 500 296
c
250 250 300
c
250 250 304
c
250 250 308
c
250 250 312
c
250 250 316
c
250 250 320
c
250 250 324
c
250 250 328
c
250 250 332
c
250 250 336
c
250 250 340
c
250 250 344
c
250 250 348
b
 0 352 300 302 200 402 500 352
b
 0 356 300 306 200 406 500 356
b
 0 360 300 310 200 410 500 360
b
 0 364 300 314 200 414 500 364
b
 0 368 300 318 200 418 500 368
b
 0 372 300 322 200 422 500 372
b
 0 376 300 326 200 426 500 376
b
 0 380 300 330 200 430 500 380
b
 0 384 300 334 200 434 500 384
b
 0 388 300 338 200 438 500 388
b
 0 392 300 342 200 442 500 392
b
 0 396 300 346 200 446 500 396
c
250 250 400
c
250 250 404
c
250 250 408
c
250 250 412
c
250 250 416
c
250 250 420
c
250 250 424
c
250 250 428
c
250 250 432
c
250 250 436
c
250 250 440
c
250 250 444
c
250 250 448
b
 0 452 300 402 200 502 500 452
b
 0 456 300 406 200 506 500 456
b
 0 460 300 410 200 510 500 460
b
 0 464 300 414 200 514 500 464
b
 0 468 300 418 200 518 500 468
b
 0 472 300 422 200 522 500 472
b
 0 476 300 426 200 526 500 476
b
 0 480 300 430 200 530 500 480
b
 0 484 300 434 200 534 500 484
b
 0 488 300 438 200 538 500 488
b
 0 492 300 442 200 542 500 492
b
 0 496 300 446 200 546 500 496
h
 0 250 250 400 250 100 500 250
h
 500 250 250 100 250 400 0 250
h
 0 255 250 400 250 100 500 255
h
 500 245 250 100 250 400 0 245
h
 0 260 250 400 250 100 500 260
h
 500 240 250 100 250 400 0 240
h
 0 265 250 400 250 100 500 265
h
 500 235 250 100 250 400 0 235
h
 0 270 250 400 250 100 500 270
h
 500 230 250 100 250 400 0 230
h
 0 275 250 400 250 100 500 275
h
 500 225 250 100 250 400 0 225
h
 0 280 250 400 250 100 500 280
h
 500 220 250 100 250 400 0 220
h
 0 285 250 400 250 100 500 285
h
 500 215 250 100 250 400 0 215
h
 0 290 250 400 250 100 500 290
h
 500 210 250 100 250 400 0 210
h
 0 295 250 400 250 100 500 295
h
 500 205 250 100 250 400 0 205
h
 0 300 250 400 250 100 500 300
h
 500 200 250 100 250 400 0 200
h
 0 305 250 400 250 100 500 305
h
 500 195 250 100 250 400 0 195
h
 0 310 250 400 250 100 500 310
h
 500 190 250 100 250 400 0 190
h
 0 315 250 400 250 100 500 315
h
 500 185 250 100 250 400 0 185
h
 0 320 250 400 250 100 500 320
h
 500 180 250 100 250 400 0 180
h
 0 325 250 400 250 100 500 325
h
 500 175 250 100 250 400 0 175
h
 0 330 250 400 250 100 500 330
h
 500 170 250 100 250 400 0 170
h
 0 335 250 400 250 100 500 335
h
 500 165 250 100 250 400 0 165
h
 0 340 250 400 250 100 500 340
h
 500 160 250 100 250 400 0 160
h
 0 345 250 400 250 100 500 345
h
 500 155 250 100 250 400 0 155
h
 0 350 250 400 250 100 500 350
h
 500 150 250 100 250 400 0 150
h
 0 355 250 400 250 100 500 355
h
 500 145 250 100 250 400 0 145
h
 0 360 250 400 250 100 500 360
h
 500 140 250 100 250 400 0 140
h
 0 365 250 400 250 100 500 365
h
 500 135 250 100 250 400 0 135
h
 0 370 250 400 250 100 500 370
h
 500 130 250 100 250 400 0 130
h
 0 375 250 400 250 100 500 375
h
 500 125 250 100 250 400 0 125
h
 0 380 250 400 250 100 500 380
h
 500 120 250 100 250 400 0 120
h
 0 385 250 400 250 100 500 385
h
 500 115 250 100 250 400 0 115
h
 0 390 250 400 250 100 500 390
h
 500 110 250 100 250 400 0 110
h
 0 395 250 400 250 100 500 395
h
 500 105 250 100 250 400 0 105
h
 0 400 250 400 250 100 500 400
h
 500 100 250 100 250 400 0 100
h
 0 405 250 400 250 100 500 405
h
 500 95 250 100 250 400 0 95
h
 0 410 250 400 250 100 500 410
h
 500 90 250 100 250 400 0 90
h
 0 415 250 400 250 100 500 415
h
 500 85 250 100 250 400 0 85
h
 0 420 250 400 250 100 500 420
h
 500 80 250 100 250 400 0 80
h
 0 425 250 400 250 100 500 425
h
 500 75 250 100 250 400 0 75
h
 0 430 250 400 250 100 500 430
h
 500 70 250 100 250 400 0 70
h
 0 435 250 400 250 100 500 435
h
 500 65 250 100 250 400 0 65
h
 0 440 250 400 250 100 500 440
h
 500 60 250 100 250 400 0 60
h
 0 445 250 400 250 100 500 445
h
 500 55 250 100 250 400 0 55
v
g
face.png
q
