b
-100 150 -50 200 0 50 190 150
b
-50 150 0 200 50 50 195 150
b
0 150 50 200 100 50 200 150
b
50 150 100 200 150 50 205 150
b
100 150 150 200 200 50 210 150
b
150 150 200 200 250 50 215 150
b
200 150 250 200 300 50 220 150
b
250 150 300 200 350 50 225 150
b
300 150 350 200 400 50 230 150
b
350 150 400 200 450 50 235 150
b
400 150 450 200 500 50 240 150
b
450 150 500 200 550 50 245 150
i
t
20 0 0
a
c
250 250 200
c
175 325 50
c
325 325 50
c
175 325 10
c
325 325 10
h
150 120 150 20 350 120 350 270
b
200 250 150 50 300 250 300 250
v
g
mustache.png