b
0 250 47 482 484 423 500 250
h
250 0 421 215 250 500 55 345
b
0 250 161 404 415 378 500 250
h
250 0 161 14 250 500 116 335
b
0 250 235 349 265 476 500 250
h
250 0 59 170 250 500 422 310
b
0 250 109 374 291 153 500 250
h
250 0 72 51 250 500 195 325
b
0 250 115 426 252 190 500 250
h
250 0 354 239 250 500 68 399
b
0 250 211 408 256 190 500 250
h
250 0 2 244 250 500 61 357
b
0 250 191 366 306 142 500 250
h
250 0 392 122 250 500 344 304
b
0 250 155 56 411 269 500 250
h
250 0 485 168 250 500 439 351
b
0 250 242 263 328 314 500 250
h
250 0 183 80 250 500 466 393
b
0 250 123 323 456 172 500 250
h
250 0 481 152 250 500 6 354
b
0 250 67 500 450 46 500 250
h
250 0 300 48 250 500 170 291
b
0 250 176 2 347 139 500 250
h
250 0 466 23 250 500 19 277
b
0 250 211 234 466 479 500 250
h
250 0 349 139 250 500 120 350
b
0 250 239 237 372 98 500 250
h
250 0 338 5 250 500 266 420
b
0 250 206 376 260 51 500 250
h
250 0 68 118 250 500 129 469
b
0 250 227 29 368 490 500 250
h
250 0 91 106 250 500 135 324
b
0 250 214 309 448 399 500 250
h
250 0 104 243 250 500 16 369
b
0 250 179 216 320 292 500 250
h
250 0 271 42 250 500 58 275
b
0 250 79 261 365 253 500 250
h
250 0 396 65 250 500 162 452
b
0 250 146 224 376 232 500 250
h
250 0 485 35 250 500 463 381
b
0 250 145 185 391 12 500 250
h
250 0 171 46 250 500 214 435
b
0 250 246 472 343 161 500 250
h
250 0 152 231 250 500 2 307
b
0 250 189 309 347 257 500 250
h
250 0 475 202 250 500 150 435
b
0 250 65 468 322 120 500 250
h
250 0 353 88 250 500 272 381
b
0 250 91 96 280 255 500 250
h
250 0 410 190 250 500 341 317
c
250 250 200
v
g
image.png