c
0 0 0
c
5 5 1
c
10 10 2
c
15 15 3
c
20 20 4
c
25 25 5
c
30 30 6
c
35 35 7
c
40 40 8
c
45 45 9
c
50 50 10
c
55 55 11
c
60 60 12
c
65 65 13
c
70 70 14
c
75 75 15
c
80 80 16
c
85 85 17
c
90 90 18
c
95 95 19
c
100 100 20
c
105 105 21
c
110 110 22
c
115 115 23
c
120 120 24
c
125 125 25
c
130 130 26
c
135 135 27
c
140 140 28
c
145 145 29
c
150 150 30
c
155 155 31
c
160 160 32
c
165 165 33
c
170 170 34
c
175 175 35
c
180 180 36
c
185 185 37
c
190 190 38
c
195 195 39
c
200 200 40
c
205 205 41
c
210 210 42
c
215 215 43
c
220 220 44
c
225 225 45
c
230 230 46
c
235 235 47
c
240 240 48
c
245 245 49
h
-40 510 60 340 210 510 185 340 
h
-20 490 80 320 230 490 205 320 
h
0 470 100 300 250 470 225 300 
h
20 450 120 280 270 450 245 280 
h
40 430 140 260 290 430 265 260 
h
60 410 160 240 310 410 285 240 
h
80 390 180 220 330 390 305 220 
h
100 370 200 200 350 370 325 200 
h
120 350 220 180 370 350 345 180 
h
140 330 240 160 390 330 365 160 
h
160 310 260 140 410 310 385 140 
b
 0 0 398 397 308 434 500 500 
b
 0 0 305 280 420 56 500 500 
b
 0 0 349 190 308 490 500 500 
b
 0 0 403 264 2 70 500 500 
b
 0 0 431 307 280 239 500 500 
b
 0 0 492 97 171 137 500 500 
b
 0 0 233 182 362 432 500 500 
b
 0 0 142 117 5 292 500 500 
b
 0 0 175 316 413 93 500 500 
b
 0 0 66 147 209 126 500 500 
b
 0 0 189 6 93 154 500 500 
b
 0 0 239 313 391 349 500 500 
b
 0 0 421 159 428 111 500 500 
b
 0 0 359 185 459 449 500 500 
b
 0 0 173 311 331 386 500 500 
v
g
image.png
