c
250 350 125
b
249 225 45 231 -770 -6492 249 -25
b
257 225 53 218 -338 -6218 273 -24
b
265 225 62 206 54 -5918 296 -22
b
273 227 71 195 407 -5595 320 -18
b
281 228 81 184 719 -5254 343 -13
b
288 231 92 174 990 -4899 365 -6
b
296 233 103 164 1217 -4533 388 1
b
303 236 115 155 1402 -4160 409 10
b
310 240 128 147 1545 -3785 430 21
b
316 244 141 140 1645 -3411 450 33
b
323 248 154 134 1705 -3041 470 46
b
329 253 168 128 1724 -2680 489 61
b
335 258 182 123 1704 -2331 506 76
b
341 264 196 120 1647 -1998 523 93
b
346 270 211 117 1555 -1683 538 110
b
351 276 225 115 1430 -1390 553 129
b
355 283 240 114 1274 -1121 566 149
b
359 289 255 114 1090 -880 578 169
b
363 296 270 114 880 -668 589 190
b
366 303 285 116 649 -488 598 211
b
368 311 299 119 399 -342 606 234
b
371 318 314 122 133 -231 613 256
b
372 326 328 127 -144 -156 618 279
b
374 334 342 132 -431 -119 622 303
b
374 342 355 138 -723 -120 624 326
b
375 349 368 145 -1016 -160 625 349
b
374 357 381 153 -1306 -238 624 373
b
374 365 393 162 -1590 -355 622 396
b
372 373 404 171 -1865 -510 618 420
b
371 381 415 181 -2126 -702 613 443
b
368 388 425 192 -2370 -930 606 465
b
366 396 435 203 -2593 -1192 598 488
b
363 403 444 215 -2793 -1488 589 509
b
359 410 452 228 -2966 -1814 578 530
b
355 416 459 241 -3108 -2168 566 550
b
351 423 465 254 -3218 -2548 553 570
b
346 429 471 268 -3292 -2951 538 589
b
341 435 476 282 -3328 -3374 523 606
b
335 441 479 296 -3324 -3814 506 623
b
329 446 482 311 -3278 -4267 489 638
b
323 451 484 325 -3188 -4730 470 653
b
316 455 485 340 -3054 -5199 450 666
b
310 459 485 355 -2873 -5670 430 678
b
303 463 485 370 -2645 -6139 409 689
b
296 466 483 385 -2370 -6602 388 698
b
288 468 480 399 -2048 -7055 365 706
b
281 471 477 414 -1679 -7494 343 713
b
273 472 472 428 -1264 -7914 320 718
b
265 474 467 442 -803 -8312 296 722
b
257 474 461 455 -297 -8684 273 724
b
250 475 454 468 249 -9025 250 725
b
242 474 38 455 797 -8684 226 724
b
234 474 32 442 1303 -8312 203 722
b
226 472 27 428 1764 -7914 179 718
b
218 471 22 414 2179 -7494 156 713
b
211 468 19 399 2548 -7055 134 706
b
203 466 16 385 2870 -6602 111 698
b
196 463 14 370 3145 -6139 90 689
b
189 459 14 355 3373 -5670 69 678
b
183 455 14 340 3554 -5199 49 666
b
176 451 15 325 3688 -4730 29 653
b
170 446 17 311 3778 -4267 10 638
b
164 441 20 296 3824 -3814 -6 623
b
158 435 23 282 3828 -3374 -23 606
b
153 429 28 268 3792 -2951 -38 589
b
148 423 34 254 3718 -2548 -53 570
b
144 416 40 241 3608 -2168 -66 550
b
140 410 47 228 3466 -1814 -78 530
b
136 403 55 215 3293 -1488 -89 509
b
133 396 64 203 3093 -1192 -98 488
b
131 388 74 192 2870 -930 -106 465
b
128 381 84 181 2626 -702 -113 443
b
127 373 95 171 2365 -510 -118 420
b
125 365 106 162 2090 -355 -122 396
b
125 357 118 153 1806 -238 -124 373
b
125 350 131 145 1516 -160 -125 350
b
125 342 144 138 1223 -120 -124 326
b
125 334 157 132 931 -119 -122 303
b
127 326 171 127 644 -156 -118 279
b
128 318 185 122 366 -231 -113 256
b
131 311 200 119 100 -342 -106 234
b
133 303 214 116 -149 -488 -98 211
b
136 296 229 114 -380 -668 -89 190
b
140 289 244 114 -590 -880 -78 169
b
144 283 259 114 -774 -1121 -66 149
b
148 276 274 115 -930 -1390 -53 129
b
153 270 288 117 -1055 -1683 -38 110
b
158 264 303 120 -1147 -1998 -23 93
b
164 258 317 123 -1204 -2331 -6 76
b
170 253 331 128 -1224 -2680 10 61
b
176 248 345 134 -1205 -3041 29 46
b
183 244 358 140 -1145 -3411 49 33
b
189 240 371 147 -1045 -3785 69 21
b
196 236 384 155 -902 -4160 90 10
b
203 233 396 164 -717 -4533 111 1
b
211 231 407 174 -490 -4899 134 -6
b
218 228 418 184 -219 -5254 156 -13
b
226 227 428 195 92 -5595 179 -18
b
234 225 437 206 445 -5918 203 -22
b
242 225 446 218 838 -6218 226 -24
v
g
swag.png
q
