l
0 0 0 100 0 0
l
100 0 0 100 100 0
l
100 100 0 0 100 0
l
0 100 0 0 0 0
l
0 0 100 100 0 100
l
100 0 100 100 100 100
l
100 100 100 0 100 100
l
0 100 100 0 0 100
l
0 0 0 0 0 100
l
0 100 0 0 100 100
l
100 100 0 100 100 100
l
100 0 0 100 0 100
v
i
s
2 2 2
a
v
t
200 200 0
a
v
i



l
0 0 0 200 0 0
l
200 0 0 200 200 0
l
200 200 0 0 200 0
l
0 200 0 0 0 0
l
0 0 200 200 0 200
l
200 0 200 200 200 200
l
200 200 200 0 200 200
l
0 200 200 0 0 200
l
0 0 0 0 0 200
l
0 200 0 0 200 200
l
200 200 0 200 200 200
l
200 0 0 200 0 200
a
i


l
600 0 0 400 0 0
l
400 0 0 400 200 0
l
400 200 0 600 200 0
l
600 200 0 600 0 0
l
600 0 200 400 0 200
l
400 0 200 400 200 200
l
400 200 200 600 200 200
l
600 200 200 600 0 200
l
600 0 0 600 0 200
l
600 200 0 600 200 200
l
400 200 0 400 200 200
l
400 0 0 400 0 200
i



l
0 600 0 200 600 0
l
200 600 0 200 400 0
l
200 400 0 0 400 0
l
0 400 0 0 600 0
l
0 600 200 200 600 200
l
200 600 200 200 400 200
l
200 400 200 0 400 200
l
0 400 200 0 600 200
l
0 600 0 0 600 200
l
0 400 0 0 400 200
l
200 400 0 200 400 200
l
200 600 0 200 600 200
a
i




l
600 600 0 400 600 0
l
400 600 0 400 400 0
l
400 400 0 600 400 0
l
600 400 0 600 600 0
l
600 600 200 400 600 200
l
400 600 200 400 400 200
l
400 400 200 600 400 200
l
600 400 200 600 600 200
l
600 600 0 600 600 200
l
600 400 0 600 400 200
l
400 400 0 400 400 200
l
400 600 0 400 600 200
a
v
i



z
20
x
20
y
-20
a
v
i
y
-20
s
.75 .75 .75
t
100 100 0
a
v
g
pic.png