b
300 150 150 410 260 500 30 350
i
t
-250 -250 0
y
10
z
10
x
10
t
250 250 0
a
b
300 150 150 410 260 500 30 350
a
b
300 150 150 410 260 500 30 350
a
b
300 150 150 410 260 500 30 350
a
b
300 150 150 410 260 500 30 350
a
b
300 150 150 410 260 500 30 350
a
b
300 150 150 410 260 500 30 350
a
b
300 150 150 410 260 500 30 350
a
b
300 150 150 410 260 500 30 350
a
b
300 150 150 410 260 500 30 350
a
b
300 150 150 410 260 500 30 350
a
b
300 150 150 410 260 500 30 350
a
b
300 150 150 410 260 500 30 350
a
b
300 150 150 410 260 500 30 350
a
b
300 150 150 410 260 500 30 350
a
b
300 150 150 410 260 500 30 350
a
b
300 150 150 410 260 500 30 350
a
b
300 150 150 410 260 500 30 350
a
b
300 150 150 410 260 500 30 350
a
b
300 150 150 410 260 500 30 350
a
b
300 150 150 410 260 500 30 350
a
b
300 150 150 410 260 500 30 350
a
b
300 150 150 410 260 500 30 350
a
b
300 150 150 410 260 500 30 350
a
b
300 150 150 410 260 500 30 350
a
b
300 150 150 410 260 500 30 350
a
b
300 150 150 410 260 500 30 350
a
b
300 150 150 410 260 500 30 350
a
b
300 150 150 410 260 500 30 350
a
b
300 150 150 410 260 500 30 350
a
b
300 150 150 410 260 500 30 350
a
b
300 150 150 410 260 500 30 350
a
b
300 150 150 410 260 500 30 350
a
b
300 150 150 410 260 500 30 350
a
b
300 150 150 410 260 500 30 350
a
b
300 150 150 410 260 500 30 350
a
b
300 150 150 410 260 500 30 350
a
v
g
pic.png
