b
0 0 0 0 500 500 500 500
b
0 0 20 5 480 495 500 500
b
0 0 40 10 460 490 500 500
b
0 0 60 15 440 485 500 500
b
0 0 80 20 420 480 500 500
b
0 0 100 25 400 475 500 500
b
0 0 120 30 380 470 500 500
b
0 0 140 35 360 465 500 500
b
0 0 160 40 340 460 500 500
b
0 0 180 45 320 455 500 500
b
0 0 200 50 300 450 500 500
b
0 0 220 55 280 445 500 500
b
0 0 240 60 260 440 500 500
b
0 0 260 65 240 435 500 500
b
0 0 280 70 220 430 500 500
b
0 0 300 75 200 425 500 500
b
0 0 320 80 180 420 500 500
b
0 0 340 85 160 415 500 500
b
0 0 360 90 140 410 500 500
b
0 0 380 95 120 405 500 500
b
0 0 400 100 100 400 500 500
b
0 0 420 105 80 395 500 500
b
0 0 440 110 60 390 500 500
b
0 0 460 115 40 385 500 500
b
0 0 480 120 20 380 500 500
b
0 0 500 125 0 375 500 500
b
0 0 520 130 -20 370 500 500
b
0 0 540 135 -40 365 500 500
b
0 0 560 140 -60 360 500 500
b
0 0 580 145 -80 355 500 500
b
0 0 600 150 -100 350 500 500
b
0 0 620 155 -120 345 500 500
b
0 0 640 160 -140 340 500 500
b
0 0 660 165 -160 335 500 500
b
0 0 680 170 -180 330 500 500
b
0 0 700 175 -200 325 500 500
b
0 0 720 180 -220 320 500 500
b
0 0 740 185 -240 315 500 500
b
0 0 760 190 -260 310 500 500
b
0 0 780 195 -280 305 500 500
b
0 0 800 200 -300 300 500 500
b
0 0 820 205 -320 295 500 500
b
0 0 840 210 -340 290 500 500
b
0 0 860 215 -360 285 500 500
b
0 0 880 220 -380 280 500 500
b
0 0 900 225 -400 275 500 500
b
0 0 920 230 -420 270 500 500
b
0 0 940 235 -440 265 500 500
b
0 0 960 240 -460 260 500 500
b
0 0 980 245 -480 255 500 500
vg
b
500 0 500 0 0 500 0 500
b
500 0 495 20 5 480 0 500
b
500 0 490 40 10 460 0 500
b
500 0 485 60 15 440 0 500
b
500 0 480 80 20 420 0 500
b
500 0 475 100 25 400 0 500
b
500 0 470 120 30 380 0 500
b
500 0 465 140 35 360 0 500
b
500 0 460 160 40 340 0 500
b
500 0 455 180 45 320 0 500
b
500 0 450 200 50 300 0 500
b
500 0 445 220 55 280 0 500
b
500 0 440 240 60 260 0 500
b
500 0 435 260 65 240 0 500
b
500 0 430 280 70 220 0 500
b
500 0 425 300 75 200 0 500
b
500 0 420 320 80 180 0 500
b
500 0 415 340 85 160 0 500
b
500 0 410 360 90 140 0 500
b
500 0 405 380 95 120 0 500
b
500 0 400 400 100 100 0 500
b
500 0 395 420 105 80 0 500
b
500 0 390 440 110 60 0 500
b
500 0 385 460 115 40 0 500
b
500 0 380 480 120 20 0 500
b
500 0 375 500 125 0 0 500
b
500 0 370 520 130 -20 0 500
b
500 0 365 540 135 -40 0 500
b
500 0 360 560 140 -60 0 500
b
500 0 355 580 145 -80 0 500
b
500 0 350 600 150 -100 0 500
b
500 0 345 620 155 -120 0 500
b
500 0 340 640 160 -140 0 500
b
500 0 335 660 165 -160 0 500
b
500 0 330 680 170 -180 0 500
b
500 0 325 700 175 -200 0 500
b
500 0 320 720 180 -220 0 500
b
500 0 315 740 185 -240 0 500
b
500 0 310 760 190 -260 0 500
b
500 0 305 780 195 -280 0 500
b
500 0 300 800 200 -300 0 500
b
500 0 295 820 205 -320 0 500
b
500 0 290 840 210 -340 0 500
b
500 0 285 860 215 -360 0 500
b
500 0 280 880 220 -380 0 500
b
500 0 275 900 225 -400 0 500
b
500 0 270 920 230 -420 0 500
b
500 0 265 940 235 -440 0 500
b
500 0 260 960 240 -460 0 500
b
500 0 255 980 245 -480 0 500
vg
c
250 250 25
c
250 250 26
c
250 250 27
c
250 250 28
c
250 250 29
c
250 250 30
c
250 250 31
c
250 250 32
c
250 250 33
c
250 250 34
c
250 250 35
c
250 250 36
c
250 250 37
c
250 250 38
c
250 250 39
c
250 250 40
c
250 250 41
c
250 250 42
c
250 250 43
c
250 250 44
c
250 250 45
c
250 250 46
c
250 250 47
c
250 250 48
c
250 250 49
c
250 250 50
c
250 250 51
c
250 250 52
c
250 250 53
c
250 250 54
c
250 250 55
c
250 250 56
c
250 250 57
c
250 250 58
c
250 250 59
c
250 250 80
c
250 250 81
c
250 250 82
c
250 250 83
c
250 250 84
c
250 250 85
c
250 250 86
c
250 250 87
c
250 250 88
c
250 250 89
c
250 250 90
c
250 250 91
c
250 250 92
c
250 250 93
c
250 250 94
c
250 250 95
c
250 250 96
c
250 250 97
c
250 250 98
c
250 250 99
c
250 250 100
c
250 250 101
c
250 250 102
c
250 250 103
c
250 250 104
c
250 250 105
c
250 250 106
c
250 250 107
c
250 250 108
c
250 250 109
c
250 250 110
c
250 250 111
c
250 250 112
c
250 250 113
c
250 250 114
vg
c
250 250 0
c
250 250 1
c
250 250 2
c
250 250 3
c
250 250 4
c
250 250 5
c
250 250 6
c
250 250 7
c
250 250 8
c
250 250 9
v
g
pic.png
