i
x
1.8
y
0.9
z
1.8
m
0 0 25
d
200 200 10 50
d
-200 -200 10 50
p
-25 -25 -25 50 50 50
a
p
-26 -26 -26 52 52 52
a
p
-27 -27 -27 54 54 54
a
p
-28 -28 -28 56 56 56
a
p
-29 -29 -29 58 58 58
a
p
-30 -30 -30 60 60 60
a
p
-31 -31 -31 62 62 62
a
p
-32 -32 -32 64 64 64
a
p
-33 -33 -33 66 66 66
a
p
-34 -34 -34 68 68 68
a
p
-35 -35 -35 70 70 70
a
p
-36 -36 -36 72 72 72
a
p
-37 -37 -37 74 74 74
a
p
-38 -38 -38 76 76 76
a
p
-39 -39 -39 78 78 78
a
p
-40 -40 -40 80 80 80
a
p
-41 -41 -41 82 82 82
a
p
-42 -42 -42 84 84 84
a
p
-43 -43 -43 86 86 86
a
p
-44 -44 -44 88 88 88
a
p
-45 -45 -45 90 90 90
a
p
-46 -46 -46 92 92 92
a
p
-47 -47 -47 94 94 94
a
p
-48 -48 -48 96 96 96
a
p
-49 -49 -49 98 98 98
a
p
-50 -50 -50 100 100 100
a
p
-51 -51 -51 102 102 102
a
p
-52 -52 -52 104 104 104
a
p
-53 -53 -53 106 106 106
a
p
-54 -54 -54 108 108 108
a
p
-55 -55 -55 110 110 110
a
p
-56 -56 -56 112 112 112
a
p
-57 -57 -57 114 114 114
a
p
-58 -58 -58 116 116 116
a
p
-59 -59 -59 118 118 118
a
p
-60 -60 -60 120 120 120
a
p
-61 -61 -61 122 122 122
a
p
-62 -62 -62 124 124 124
a
p
-63 -63 -63 126 126 126
a
p
-64 -64 -64 128 128 128
a
p
-65 -65 -65 130 130 130
a
p
-66 -66 -66 132 132 132
a
p
-67 -67 -67 134 134 134
a
p
-68 -68 -68 136 136 136
a
p
-69 -69 -69 138 138 138
a
p
-70 -70 -70 140 140 140
a
p
-71 -71 -71 142 142 142
a
p
-72 -72 -72 144 144 144
a
p
-73 -73 -73 146 146 146
a
p
-74 -74 -74 148 148 148
a
p
-75 -75 -75 150 150 150
a
p
-76 -76 -76 152 152 152
a
p
-77 -77 -77 154 154 154
a
p
-78 -78 -78 156 156 156
a
p
-79 -79 -79 158 158 158
a
p
-80 -80 -80 160 160 160
a
p
-81 -81 -81 162 162 162
a
p
-82 -82 -82 164 164 164
a
p
-83 -83 -83 166 166 166
a
p
-84 -84 -84 168 168 168
a
p
-85 -85 -85 170 170 170
a
p
-86 -86 -86 172 172 172
a
p
-87 -87 -87 174 174 174
a
p
-88 -88 -88 176 176 176
a
p
-89 -89 -89 178 178 178
a
p
-90 -90 -90 180 180 180
a
p
-91 -91 -91 182 182 182
a
p
-92 -92 -92 184 184 184
a
p
-93 -93 -93 186 186 186
a
p
-94 -94 -94 188 188 188
a
p
-95 -95 -95 190 190 190
a
p
-96 -96 -96 192 192 192
a
p
-97 -97 -97 194 194 194
a
p
-98 -98 -98 196 196 196
a
p
-99 -99 -99 198 198 198
a
p
-100 -100 -100 200 200 200
a
p
-101 -101 -101 202 202 202
a
p
-102 -102 -102 204 204 204
a
p
-103 -103 -103 206 206 206
a
p
-104 -104 -104 208 208 208
a
p
-105 -105 -105 210 210 210
a
p
-106 -106 -106 212 212 212
a
p
-107 -107 -107 214 214 214
a
p
-108 -108 -108 216 216 216
a
p
-109 -109 -109 218 218 218
a
p
-110 -110 -110 220 220 220
a
p
-111 -111 -111 222 222 222
a
p
-112 -112 -112 224 224 224
a
p
-113 -113 -113 226 226 226
a
p
-114 -114 -114 228 228 228
a
p
-115 -115 -115 230 230 230
a
p
-116 -116 -116 232 232 232
a
p
-117 -117 -117 234 234 234
a
p
-118 -118 -118 236 236 236
a
p
-119 -119 -119 238 238 238
a
p
-120 -120 -120 240 240 240
a
p
-121 -121 -121 242 242 242
a
p
-122 -122 -122 244 244 244
a
p
-123 -123 -123 246 246 246
a
p
-124 -124 -124 248 248 248
a
i
t
250 250 0
a
v
g
idkthing.png