p
400 250 0 20 20 20
p
300 300 10 30 30 30
p
250 600 10 40 40 40
m
450 250 1.665
m
449.605345686 262.558103906 16.665
m
404.102648555 377.48479795 28.665
m
299.737977433 443.716632226 37.665
m
176.375089463 435.955297178 43.665
m
81.1344148996 357.165358996 46.665
m
50.3946543143 237.441896094 46.665
m
95.8973514448 122.51520205 43.665
m
200.262022567 56.2833677743 37.665
m
323.624910537 64.0447028223 28.665
m
418.8655851 142.834641004 16.665
i
x
50
y
20
z
20
t
55 200 0
a
p
250 250 250 10 10 10
d
325 340 20 100
d
325 370 20 100
d
325 400 20 100
i
x
10
z
10
t
100 -200 0
a
v
g
3d.png
q
