b
0 31 35 250 0 150 0 400
b
20 32 35 250 20 150 31 400
b
40 33 35 250 40 150 62 400
b
60 34 35 250 60 150 93 400
b
80 35 35 250 80 150 124 400
b
100 36 35 250 100 150 155 400
b
120 37 35 250 120 150 186 400
b
140 38 35 250 140 150 217 400
b
160 39 35 250 160 150 248 400
b
180 40 35 250 180 150 279 400
b
200 41 35 250 200 150 310 400
b
220 42 35 250 220 150 341 400
b
240 43 35 250 240 150 372 400
b
260 44 35 250 260 150 403 400
b
280 45 35 250 280 150 434 400
b
300 46 35 250 300 150 465 400
b
320 47 35 250 320 150 496 400
b
340 48 35 250 340 150 527 400
b
360 49 35 250 360 150 558 400
b
380 50 35 250 380 150 589 400
b
400 51 35 250 400 150 620 400
b
420 52 35 250 420 150 651 400
b
440 53 35 250 440 150 682 400
b
460 54 35 250 460 150 713 400
b
480 55 35 250 480 150 744 400
b
500 56 35 250 500 150 775 400
b
520 57 35 250 520 150 806 400
b
540 58 35 250 540 150 837 400
b
560 59 35 250 560 150 868 400
b
580 60 35 250 580 150 899 400
b
600 61 35 250 600 150 930 400
b
620 62 35 250 620 150 961 400
b
640 63 35 250 640 150 992 400
b
660 64 35 250 660 150 1023 400
b
680 65 35 250 680 150 1054 400
b
700 66 35 250 700 150 1085 400
b
720 67 35 250 720 150 1116 400
b
740 68 35 250 740 150 1147 400
b
760 69 35 250 760 150 1178 400
b
780 70 35 250 780 150 1209 400
b
800 71 35 250 800 150 1240 400
b
820 72 35 250 820 150 1271 400
b
840 73 35 250 840 150 1302 400
b
860 74 35 250 860 150 1333 400
b
880 75 35 250 880 150 1364 400
b
900 76 35 250 900 150 1395 400
b
920 77 35 250 920 150 1426 400
b
940 78 35 250 940 150 1457 400
b
960 79 35 250 960 150 1488 400
b
980 80 35 250 980 150 1519 400
h
0 31 35 250 0 150 0 400
h
20 32 35 250 20 150 31 400
h
40 33 35 250 40 150 62 400
h
60 34 35 250 60 150 93 400
h
80 35 35 250 80 150 124 400
h
100 36 35 250 100 150 155 400
h
120 37 35 250 120 150 186 400
h
140 38 35 250 140 150 217 400
h
160 39 35 250 160 150 248 400
h
180 40 35 250 180 150 279 400
h
200 41 35 250 200 150 310 400
h
220 42 35 250 220 150 341 400
h
240 43 35 250 240 150 372 400
h
260 44 35 250 260 150 403 400
h
280 45 35 250 280 150 434 400
h
300 46 35 250 300 150 465 400
h
320 47 35 250 320 150 496 400
h
340 48 35 250 340 150 527 400
h
360 49 35 250 360 150 558 400
h
380 50 35 250 380 150 589 400
h
400 51 35 250 400 150 620 400
h
420 52 35 250 420 150 651 400
h
440 53 35 250 440 150 682 400
h
460 54 35 250 460 150 713 400
h
480 55 35 250 480 150 744 400
h
500 56 35 250 500 150 775 400
h
520 57 35 250 520 150 806 400
h
540 58 35 250 540 150 837 400
h
560 59 35 250 560 150 868 400
h
580 60 35 250 580 150 899 400
h
600 61 35 250 600 150 930 400
h
620 62 35 250 620 150 961 400
h
640 63 35 250 640 150 992 400
h
660 64 35 250 660 150 1023 400
h
680 65 35 250 680 150 1054 400
h
700 66 35 250 700 150 1085 400
h
720 67 35 250 720 150 1116 400
h
740 68 35 250 740 150 1147 400
h
760 69 35 250 760 150 1178 400
h
780 70 35 250 780 150 1209 400
h
800 71 35 250 800 150 1240 400
h
820 72 35 250 820 150 1271 400
h
840 73 35 250 840 150 1302 400
h
860 74 35 250 860 150 1333 400
h
880 75 35 250 880 150 1364 400
h
900 76 35 250 900 150 1395 400
h
920 77 35 250 920 150 1426 400
h
940 78 35 250 940 150 1457 400
h
960 79 35 250 960 150 1488 400
h
980 80 35 250 980 150 1519 400
c 
250 350 0
c 
250 350 21
c 
250 350 42
c 
250 350 63
c 
250 350 84
c 
250 350 105
c 
250 350 126
c 
250 350 147
c 
250 350 168
c 
250 350 189
c 
250 350 210
c 
250 350 231
c 
250 350 252
c 
250 350 273
c 
250 350 294
c 
250 350 315
c 
250 350 336
c 
250 350 357
c 
250 350 378
c 
250 350 399
c 
250 350 420
c 
250 350 441
c 
250 350 462
c 
250 350 483
c 
250 350 504
c 
250 350 525
c 
250 350 546
c 
250 350 567
c 
250 350 588
c 
250 350 609
c 
250 350 630
c 
250 350 651
c 
250 350 672
c 
250 350 693
c 
250 350 714
c 
250 350 735
c 
250 350 756
c 
250 350 777
c 
250 350 798
c 
250 350 819
c 
250 350 840
c 
250 350 861
c 
250 350 882
c 
250 350 903
c 
250 350 924
c 
250 350 945
c 
250 350 966
c 
250 350 987
c 
250 350 1008
c 
250 350 1029
c 
250 350 1050
c 
250 350 1071
c 
250 350 1092
c 
250 350 1113
c 
250 350 1134
c 
250 350 1155
c 
250 350 1176
c 
250 350 1197
c 
250 350 1218
c 
250 350 1239
c 
250 350 1260
c 
250 350 1281
c 
250 350 1302
c 
250 350 1323
c 
250 350 1344
c 
250 350 1365
c 
250 350 1386
c 
250 350 1407
c 
250 350 1428
c 
250 350 1449
c 
250 350 1470
c 
250 350 1491
c 
250 350 1512
c 
250 350 1533
c 
250 350 1554
c 
250 350 1575
c 
250 350 1596
c 
250 350 1617
c 
250 350 1638
c 
250 350 1659
c 
250 350 1680
c 
250 350 1701
c 
250 350 1722
c 
250 350 1743
c 
250 350 1764
c 
250 350 1785
c 
250 350 1806
c 
250 350 1827
c 
250 350 1848
c 
250 350 1869
c 
250 350 1890
c 
250 350 1911
c 
250 350 1932
c 
250 350 1953
c 
250 350 1974
c 
250 350 1995
c 
250 350 2016
c 
250 350 2037
c 
250 350 2058
c 
250 350 2079
v
g
face.png
