c
394 126 423
c
354 93 476
c
7 91 344
c
193 20 193
c
22 488 350
c
288 206 297
c
84 188 204
c
150 141 153
c
466 199 489
c
135 462 102
h
310 310 310 190 100 100 17 17
h
335 285 285 165 225 225 18 16
h
360 260 260 140 100 100 18 16
h
385 235 235 115 225 225 19 15
h
410 210 210 90 100 100 20 14
h
435 185 185 65 225 225 20 13
h
460 160 160 40 100 100 21 12
h
485 135 135 15 225 225 22 11
h
10 110 110 10 100 100 22 10
h
35 85 85 35 225 225 23 9
h
60 60 60 60 100 100 23 7
h
85 35 35 85 225 225 24 5
h
110 10 10 110 100 100 24 3
h
135 15 485 135 225 225 25 3
h
160 40 460 160 100 100 25 6
h
185 65 435 185 225 225 26 8
h
210 90 410 210 100 100 26 9
h
235 115 385 235 225 225 27 10
h
260 140 360 260 100 100 27 11
h
285 165 335 285 225 225 28 12
b
310 310 100 100 17 17 310 190
b
335 285 225 225 18 16 285 165
b
360 260 100 100 18 16 260 140
b
385 235 225 225 19 15 235 115
b
410 210 100 100 20 14 210 90
b
435 185 225 225 20 13 185 65
b
460 160 100 100 21 12 160 40
b
485 135 225 225 22 11 135 15
b
10 110 100 100 22 10 110 10
b
35 85 225 225 23 9 85 35
b
60 60 100 100 23 7 60 60
b
85 35 225 225 24 5 35 85
b
110 10 100 100 24 3 10 110
b
135 15 225 225 25 3 485 135
b
160 40 100 100 25 6 460 160
b
185 65 225 225 26 8 435 185
b
210 90 100 100 26 9 410 210
b
235 115 225 225 27 10 385 235
b
260 140 100 100 27 11 360 260
b
285 165 225 225 28 12 335 285
v
g
face.png
