l
0 100 0 0 0 0
l
0 0 100 100 0 100
l
100 0 100 100 100 100
l
100 100 100 0 100 100
l
0 100 100 0 0 100
l
0 0 0 0 0 100
l
0 100 0 0 100 100
l
100 100 0 100 100 100
l
100 0 0 100 0 100
l
100 100 0 100 0 0
l
0 100 0 100 100 0
l
0 0 0 100 0 0
l
100 100 0 100 0 0
l
100 0 100 200 0 100
l
200 0 100 200 100 100
l
200 100 100 100 100 100
l
100 100 100 100 0 100
l
100 0 0 100 0 100
l
100 100 0 100 100 100
l
200 100 0 200 100 100
l
200 0 0 200 0 100
l
200 100 0 200 0 0
l
100 100 0 200 100 0
l
100 0 0 200 0 0
l
200 100 0 200 0 0
l
200 0 100 300 0 100
l
300 0 100 300 100 100
l
300 100 100 200 100 100
l
200 100 100 200 0 100
l
200 0 0 200 0 100
l
200 100 0 200 100 100
l
300 100 0 300 100 100
l
300 0 0 300 0 100
l
300 100 0 300 0 0
l
200 100 0 300 100 0
l
200 0 0 300 0 0
i
t
0 0 100
a
l
0 100 0 0 0 0
l
0 0 100 100 0 100
l
100 0 100 100 100 100
l
100 100 100 0 100 100
l
0 100 100 0 0 100
l
0 0 0 0 0 100
l
0 100 0 0 100 100
l
100 100 0 100 100 100
l
100 0 0 100 0 100
l
100 100 0 100 0 0
l
0 100 0 100 100 0
l
0 0 0 100 0 0
l
100 100 0 100 0 0
l
100 0 100 200 0 100
l
200 0 100 200 100 100
l
200 100 100 100 100 100
l
100 100 100 100 0 100
l
100 0 0 100 0 100
l
100 100 0 100 100 100
l
200 100 0 200 100 100
l
200 0 0 200 0 100
l
200 100 0 200 0 0
l
100 100 0 200 100 0
l
100 0 0 200 0 0
l
200 100 0 200 0 0
l
200 0 100 300 0 100
l
300 0 100 300 100 100
l
300 100 100 200 100 100
l
200 100 100 200 0 100
l
200 0 0 200 0 100
l
200 100 0 200 100 100
l
300 100 0 300 100 100
l
300 0 0 300 0 100
l
300 100 0 300 0 0
l
200 100 0 300 100 0
l
200 0 0 300 0 0
i
t
0 0 -100
a
l
0 100 0 0 0 0
l
0 0 100 100 0 100
l
100 0 100 100 100 100
l
100 100 100 0 100 100
l
0 100 100 0 0 100
l
0 0 0 0 0 100
l
0 100 0 0 100 100
l
100 100 0 100 100 100
l
100 0 0 100 0 100
l
100 100 0 100 0 0
l
0 100 0 100 100 0
l
0 0 0 100 0 0
l
100 100 0 100 0 0
l
100 0 100 200 0 100
l
200 0 100 200 100 100
l
200 100 100 100 100 100
l
100 100 100 100 0 100
l
100 0 0 100 0 100
l
100 100 0 100 100 100
l
200 100 0 200 100 100
l
200 0 0 200 0 100
l
200 100 0 200 0 0
l
100 100 0 200 100 0
l
100 0 0 200 0 0
l
200 100 0 200 0 0
l
200 0 100 300 0 100
l
300 0 100 300 100 100
l
300 100 100 200 100 100
l
200 100 100 200 0 100
l
200 0 0 200 0 100
l
200 100 0 200 100 100
l
300 100 0 300 100 100
l
300 0 0 300 0 100
l
300 100 0 300 0 0
l
200 100 0 300 100 0
l
200 0 0 300 0 0
i
t
0 0 100
l
0 100 0 0 0 0
l
0 0 100 100 0 100
l
100 0 100 100 100 100
l
100 100 100 0 100 100
l
0 100 100 0 0 100
l
0 0 0 0 0 100
l
0 100 0 0 100 100
l
100 100 0 100 100 100
l
100 0 0 100 0 100
l
100 100 0 100 0 0
l
0 100 0 100 100 0
l
0 0 0 100 0 0
l
100 100 0 100 0 0
l
100 0 100 200 0 100
l
200 0 100 200 100 100
l
200 100 100 100 100 100
l
100 100 100 100 0 100
l
100 0 0 100 0 100
l
100 100 0 100 100 100
l
200 100 0 200 100 100
l
200 0 0 200 0 100
l
200 100 0 200 0 0
l
100 100 0 200 100 0
l
100 0 0 200 0 0
l
200 100 0 200 0 0
l
200 0 100 300 0 100
l
300 0 100 300 100 100
l
300 100 100 200 100 100
l
200 100 100 200 0 100
l
200 0 0 200 0 100
l
200 100 0 200 100 100
l
300 100 0 300 100 100
l
300 0 0 300 0 100
l
300 100 0 300 0 0
l
200 100 0 300 100 0
l
200 0 0 300 0 0
i
t
230 170 0
x
30
y
-20
z
90
a
v
g 
pic.png