c
250 250 50
c
250 250 100
c
250 250 150
c
250 250 200
b
0 12 100 100 300 300 250 250
b
0 262 100 400 300 200 250 250
b
0 25 100 100 300 300 250 250
b
0 275 100 400 300 200 250 250
b
0 37 100 100 300 300 250 250
b
0 287 100 400 300 200 250 250
b
0 50 100 100 300 300 250 250
b
0 300 100 400 300 200 250 250
b
0 62 100 100 300 300 250 250
b
0 312 100 400 300 200 250 250
b
0 75 100 100 300 300 250 250
b
0 325 100 400 300 200 250 250
b
0 87 100 100 300 300 250 250
b
0 337 100 400 300 200 250 250
b
0 100 100 100 300 300 250 250
b
0 350 100 400 300 200 250 250
b
0 112 100 100 300 300 250 250
b
0 362 100 400 300 200 250 250
b
0 125 100 100 300 300 250 250
b
0 375 100 400 300 200 250 250
b
0 137 100 100 300 300 250 250
b
0 387 100 400 300 200 250 250
b
0 150 100 100 300 300 250 250
b
0 400 100 400 300 200 250 250
b
0 162 100 100 300 300 250 250
b
0 412 100 400 300 200 250 250
b
0 175 100 100 300 300 250 250
b
0 425 100 400 300 200 250 250
b
0 187 100 100 300 300 250 250
b
0 437 100 400 300 200 250 250
b
0 200 100 100 300 300 250 250
b
0 450 100 400 300 200 250 250
b
0 212 100 100 300 300 250 250
b
0 462 100 400 300 200 250 250
b
0 225 100 100 300 300 250 250
b
0 475 100 400 300 200 250 250
b
0 237 100 100 300 300 250 250
b
0 487 100 400 300 200 250 250
h
500 3 100 100 250 250 300 300 
h
500 253 100 400 250 250 300 200 
h
500 6 100 100 250 250 300 300 
h
500 256 100 400 250 250 300 200 
h
500 9 100 100 250 250 300 300 
h
500 259 100 400 250 250 300 200 
h
500 12 100 100 250 250 300 300 
h
500 262 100 400 250 250 300 200 
h
500 15 100 100 250 250 300 300 
h
500 265 100 400 250 250 300 200 
h
500 18 100 100 250 250 300 300 
h
500 268 100 400 250 250 300 200 
h
500 21 100 100 250 250 300 300 
h
500 271 100 400 250 250 300 200 
h
500 25 100 100 250 250 300 300 
h
500 275 100 400 250 250 300 200 
h
500 28 100 100 250 250 300 300 
h
500 278 100 400 250 250 300 200 
h
500 31 100 100 250 250 300 300 
h
500 281 100 400 250 250 300 200 
h
500 34 100 100 250 250 300 300 
h
500 284 100 400 250 250 300 200 
h
500 37 100 100 250 250 300 300 
h
500 287 100 400 250 250 300 200 
h
500 40 100 100 250 250 300 300 
h
500 290 100 400 250 250 300 200 
h
500 43 100 100 250 250 300 300 
h
500 293 100 400 250 250 300 200 
h
500 46 100 100 250 250 300 300 
h
500 296 100 400 250 250 300 200 
h
500 50 100 100 250 250 300 300 
h
500 300 100 400 250 250 300 200 
h
500 53 100 100 250 250 300 300 
h
500 303 100 400 250 250 300 200 
h
500 56 100 100 250 250 300 300 
h
500 306 100 400 250 250 300 200 
h
500 59 100 100 250 250 300 300 
h
500 309 100 400 250 250 300 200 
h
500 62 100 100 250 250 300 300 
h
500 312 100 400 250 250 300 200 
h
500 65 100 100 250 250 300 300 
h
500 315 100 400 250 250 300 200 
h
500 68 100 100 250 250 300 300 
h
500 318 100 400 250 250 300 200 
h
500 71 100 100 250 250 300 300 
h
500 321 100 400 250 250 300 200 
h
500 75 100 100 250 250 300 300 
h
500 325 100 400 250 250 300 200 
h
500 78 100 100 250 250 300 300 
h
500 328 100 400 250 250 300 200 
h
500 81 100 100 250 250 300 300 
h
500 331 100 400 250 250 300 200 
h
500 84 100 100 250 250 300 300 
h
500 334 100 400 250 250 300 200 
h
500 87 100 100 250 250 300 300 
h
500 337 100 400 250 250 300 200 
h
500 90 100 100 250 250 300 300 
h
500 340 100 400 250 250 300 200 
h
500 93 100 100 250 250 300 300 
h
500 343 100 400 250 250 300 200 
h
500 96 100 100 250 250 300 300 
h
500 346 100 400 250 250 300 200 
h
500 100 100 100 250 250 300 300 
h
500 350 100 400 250 250 300 200 
h
500 103 100 100 250 250 300 300 
h
500 353 100 400 250 250 300 200 
h
500 106 100 100 250 250 300 300 
h
500 356 100 400 250 250 300 200 
h
500 109 100 100 250 250 300 300 
h
500 359 100 400 250 250 300 200 
h
500 112 100 100 250 250 300 300 
h
500 362 100 400 250 250 300 200 
h
500 115 100 100 250 250 300 300 
h
500 365 100 400 250 250 300 200 
h
500 118 100 100 250 250 300 300 
h
500 368 100 400 250 250 300 200 
h
500 121 100 100 250 250 300 300 
h
500 371 100 400 250 250 300 200 
h
500 125 100 100 250 250 300 300 
h
500 375 100 400 250 250 300 200 
h
500 128 100 100 250 250 300 300 
h
500 378 100 400 250 250 300 200 
h
500 131 100 100 250 250 300 300 
h
500 381 100 400 250 250 300 200 
h
500 134 100 100 250 250 300 300 
h
500 384 100 400 250 250 300 200 
h
500 137 100 100 250 250 300 300 
h
500 387 100 400 250 250 300 200 
h
500 140 100 100 250 250 300 300 
h
500 390 100 400 250 250 300 200 
h
500 143 100 100 250 250 300 300 
h
500 393 100 400 250 250 300 200 
h
500 146 100 100 250 250 300 300 
h
500 396 100 400 250 250 300 200 
h
500 150 100 100 250 250 300 300 
h
500 400 100 400 250 250 300 200 
h
500 153 100 100 250 250 300 300 
h
500 403 100 400 250 250 300 200 
h
500 156 100 100 250 250 300 300 
h
500 406 100 400 250 250 300 200 
h
500 159 100 100 250 250 300 300 
h
500 409 100 400 250 250 300 200 
h
500 162 100 100 250 250 300 300 
h
500 412 100 400 250 250 300 200 
h
500 165 100 100 250 250 300 300 
h
500 415 100 400 250 250 300 200 
h
500 168 100 100 250 250 300 300 
h
500 418 100 400 250 250 300 200 
h
500 171 100 100 250 250 300 300 
h
500 421 100 400 250 250 300 200 
h
500 175 100 100 250 250 300 300 
h
500 425 100 400 250 250 300 200 
h
500 178 100 100 250 250 300 300 
h
500 428 100 400 250 250 300 200 
h
500 181 100 100 250 250 300 300 
h
500 431 100 400 250 250 300 200 
h
500 184 100 100 250 250 300 300 
h
500 434 100 400 250 250 300 200 
h
500 187 100 100 250 250 300 300 
h
500 437 100 400 250 250 300 200 
h
500 190 100 100 250 250 300 300 
h
500 440 100 400 250 250 300 200 
h
500 193 100 100 250 250 300 300 
h
500 443 100 400 250 250 300 200 
h
500 196 100 100 250 250 300 300 
h
500 446 100 400 250 250 300 200 
h
500 200 100 100 250 250 300 300 
h
500 450 100 400 250 250 300 200 
h
500 203 100 100 250 250 300 300 
h
500 453 100 400 250 250 300 200 
h
500 206 100 100 250 250 300 300 
h
500 456 100 400 250 250 300 200 
h
500 209 100 100 250 250 300 300 
h
500 459 100 400 250 250 300 200 
h
500 212 100 100 250 250 300 300 
h
500 462 100 400 250 250 300 200 
h
500 215 100 100 250 250 300 300 
h
500 465 100 400 250 250 300 200 
h
500 218 100 100 250 250 300 300 
h
500 468 100 400 250 250 300 200 
h
500 221 100 100 250 250 300 300 
h
500 471 100 400 250 250 300 200 
h
500 225 100 100 250 250 300 300 
h
500 475 100 400 250 250 300 200 
h
500 228 100 100 250 250 300 300 
h
500 478 100 400 250 250 300 200 
h
500 231 100 100 250 250 300 300 
h
500 481 100 400 250 250 300 200 
h
500 234 100 100 250 250 300 300 
h
500 484 100 400 250 250 300 200 
h
500 237 100 100 250 250 300 300 
h
500 487 100 400 250 250 300 200 
h
500 240 100 100 250 250 300 300 
h
500 490 100 400 250 250 300 200 
h
500 243 100 100 250 250 300 300 
h
500 493 100 400 250 250 300 200 
h
500 246 100 100 250 250 300 300 
h
500 496 100 400 250 250 300 200 
v
g
face.png
q
