b
301 469 84 346 370 199 448 243 240 
b
242 202 350 325 400 209 304 22 194 
b
309 7 107 165 463 241 468 488 94 
b
46 27 254 17 105 134 1 225 291 
b
128 439 25 123 348 223 52 39 63 
b
313 232 415 289 258 167 141 458 3 
b
427 337 323 21 192 437 493 485 337 
b
111 286 402 357 170 264 451 384 90 
b
315 204 149 311 416 278 467 202 325 
b
204 115 111 418 342 163 497 203 103 
v
b
247 294 365 190 158 118 174 377 147 
b
270 213 423 282 359 198 489 438 28 
b
300 221 318 310 470 346 235 205 304 
b
382 131 182 31 337 472 299 286 127 
b
485 188 402 363 348 393 493 131 104 
b
416 194 436 137 380 449 227 202 420 
b
317 266 27 69 441 73 371 45 55 
b
421 34 463 167 49 281 82 310 134 
b
447 233 462 92 365 474 212 312 38 
b
432 83 10 128 124 143 99 405 189 
v
b
185 104 360 211 38 254 371 407 319 
b
495 93 74 351 318 82 292 165 353 
b
101 369 430 388 135 497 263 440 114 
b
77 127 217 34 115 24 246 404 46 
b
308 109 302 476 451 113 66 60 481 
b
16 365 174 422 290 140 25 17 433 
b
27 482 160 260 385 417 117 74 319 
b
257 265 240 73 392 153 230 95 72 
b
4 309 63 270 434 409 202 424 455 
b
448 494 116 371 153 253 16 479 139 
v
b
410 468 274 354 40 99 255 161 328 
b
377 299 209 486 146 229 158 191 474 
b
298 91 170 187 182 221 447 441 451 
b
8 55 401 424 416 479 301 327 443 
b
216 150 172 318 206 60 495 390 224 
b
80 232 184 397 115 456 115 17 54 
b
25 334 114 148 159 365 342 389 93 
b
276 15 312 399 331 323 53 50 385 
b
361 361 76 72 3 38 231 197 105 
b
465 93 277 303 103 212 207 135 148 
v
b
108 165 225 53 286 313 414 82 354 
b
3 99 114 157 142 46 19 320 30 
b
418 64 439 372 164 264 115 287 300 
b
331 413 219 279 188 347 305 399 138 
b
176 210 384 86 294 30 75 173 412 
b
485 416 67 355 28 140 214 392 360 
b
113 124 208 53 102 445 11 496 284 
b
338 452 156 75 299 314 180 78 347 
b
291 368 287 312 491 320 117 265 111 
b
277 61 101 199 471 466 167 201 30 
v
b
455 438 297 341 346 479 247 253 99 
b
281 243 81 215 209 439 14 433 252 
b
386 151 422 266 475 220 311 60 173 
b
11 240 168 214 39 411 207 116 75 
b
480 180 280 336 91 287 179 358 345 
b
283 252 265 188 60 72 466 252 176 
b
324 287 327 178 321 458 232 451 29 
b
183 399 251 438 108 50 114 362 68 
b
214 238 57 36 440 127 361 211 341 
b
326 314 236 175 243 143 324 135 357 
v
b
355 26 103 279 489 12 273 188 155 
b
6 322 181 248 101 169 252 56 419 
b
376 447 210 52 277 439 235 224 426 
b
371 273 466 29 400 25 371 85 466 
b
311 275 97 493 332 150 425 14 294 
b
17 285 267 159 14 253 439 140 161 
b
308 152 431 479 474 273 75 237 222 
b
419 254 20 454 137 95 388 273 245 
b
59 452 464 44 499 482 223 272 271 
b
307 224 241 46 269 8 122 249 352 
v
b
200 363 461 253 460 61 399 296 155 
b
453 430 72 471 151 182 241 301 476 
b
318 53 15 369 70 38 120 115 457 
b
493 321 234 331 483 80 38 205 428 
b
156 48 247 243 129 280 464 255 195 
b
455 279 219 214 461 81 351 495 185 
b
487 93 333 258 398 112 438 1 373 
b
249 292 80 407 165 287 476 43 55 
b
85 381 340 337 9 219 106 128 391 
b
409 424 85 301 374 122 397 454 360 
v
b
282 142 321 89 227 312 296 291 147 
b
56 160 225 137 62 407 281 63 134 
b
198 376 403 139 26 404 255 441 443 
b
221 17 326 70 314 440 251 119 399 
b
367 434 23 278 456 429 346 311 372 
b
22 91 486 298 406 374 188 446 273 
b
81 131 436 107 465 424 498 240 57 
b
156 461 159 84 45 111 400 352 308 
b
114 418 110 215 172 192 173 380 297 
b
477 354 118 113 181 141 125 396 429 
v
b
378 129 385 318 163 175 53 150 203 
b
404 100 479 437 165 217 35 67 2 
b
81 498 106 342 97 71 256 137 287 
b
78 143 213 362 103 443 329 268 190 
b
8 499 79 42 244 59 139 415 141 
b
166 392 227 354 1 475 70 112 144 
b
446 40 175 164 63 301 259 457 441 
b
35 329 387 475 279 468 3 408 24 
b
36 168 75 115 259 39 70 86 454 
b
496 359 393 27 314 150 453 4 364 
v
b
328 247 300 5 128 73 163 8 326 
b
157 189 191 371 409 496 204 163 80 
b
431 473 186 96 378 44 448 57 451 
b
469 203 490 348 491 328 468 61 386 
b
184 149 148 61 426 26 191 491 95 
b
94 243 434 75 473 205 197 124 499 
b
475 233 443 88 410 205 405 153 331 
b
171 217 39 468 80 242 493 206 0 
b
228 120 325 101 13 4 498 369 158 
b
43 294 185 155 397 188 136 428 358 
v
b
404 238 350 3 77 476 351 199 55 
b
260 260 218 338 352 305 48 56 389 
b
363 2 359 304 266 1 254 307 243 
b
123 22 275 392 291 350 314 484 73 
b
167 487 187 11 442 64 173 145 310 
b
481 472 412 480 93 54 21 120 436 
b
54 320 477 110 94 67 452 120 488 
b
489 134 150 460 231 17 300 293 214 
b
378 67 407 178 376 132 450 51 202 
b
324 230 299 57 499 27 362 357 369 
v
b
251 251 35 239 344 140 342 260 233 
b
62 462 398 422 385 133 6 17 443 
b
69 246 426 58 207 367 196 179 428 
b
98 112 483 300 37 142 396 490 124 
b
139 329 265 463 202 72 462 287 371 
b
162 115 54 442 487 96 334 60 296 
b
143 72 113 401 486 206 219 302 66 
b
305 440 192 482 185 416 12 468 406 
b
457 327 158 462 156 88 490 257 346 
b
465 355 388 333 374 270 346 80 205 
v
b
210 306 452 295 76 19 84 470 107 
b
358 32 82 189 169 47 253 156 231 
b
103 108 495 175 134 165 211 446 65 
b
438 479 241 180 223 252 381 453 300 
b
131 476 287 494 220 386 104 423 43 
b
235 58 351 0 289 259 180 7 198 
b
101 287 287 159 126 429 480 55 268 
b
177 295 98 195 20 468 237 248 221 
b
322 497 471 282 304 175 102 121 458 
b
360 25 234 366 295 203 86 431 166 
v
b
285 18 208 416 399 87 406 352 458 
b
330 6 9 190 231 151 351 12 40 
b
281 15 231 305 356 344 402 139 282 
b
438 261 488 111 179 183 278 22 456 
b
47 388 345 336 96 197 396 411 217 
b
361 41 405 53 91 497 366 313 227 
b
275 215 331 81 279 215 405 382 245 
b
200 270 440 351 112 17 58 70 330 
b
2 66 339 366 41 173 134 89 163 
b
320 76 393 339 260 232 274 6 120 
v
b
122 291 422 360 377 320 58 264 66 
b
491 92 145 386 458 226 103 314 474 
b
366 192 152 452 100 127 271 354 266 
b
63 167 302 222 142 193 379 483 465 
b
278 425 151 152 346 143 255 484 230 
b
201 329 201 469 332 4 482 274 415 
b
336 353 11 232 323 166 411 89 84 
b
378 292 37 317 40 179 334 313 217 
b
411 199 228 171 178 201 95 277 87 
b
286 277 283 219 232 405 496 272 123 
v
b
320 35 205 168 326 216 132 12 212 
b
206 288 102 483 388 111 224 365 350 
b
24 453 148 347 332 140 308 35 148 
b
399 312 178 2 236 437 469 353 398 
b
22 480 253 90 207 485 417 180 81 
b
133 483 249 129 121 56 426 188 356 
b
349 404 24 184 286 476 315 290 86 
b
484 414 76 218 465 437 367 411 8 
b
85 137 217 147 371 371 20 332 260 
b
318 459 0 99 437 444 435 114 176 
v
b
54 88 343 347 263 168 114 11 499 
b
333 431 158 285 255 29 182 296 420 
b
102 314 345 109 82 444 124 149 340 
b
215 370 461 205 202 332 144 492 330 
b
388 360 100 176 64 448 434 335 262 
b
209 357 44 276 193 160 397 113 110 
b
288 26 329 196 130 220 453 55 154 
b
258 126 272 195 369 110 302 436 108 
b
42 88 157 132 478 367 198 171 24 
b
138 13 258 216 98 481 457 168 183 
v
b
203 131 331 213 198 427 423 348 326 
b
203 255 402 269 214 250 5 42 382 
b
189 131 234 205 244 282 112 159 477 
b
495 157 197 157 494 139 14 394 370 
b
25 384 316 144 431 333 27 233 111 
b
314 89 327 390 196 395 242 120 65 
b
368 199 453 488 383 213 389 70 414 
b
264 415 490 460 150 27 85 475 249 
b
14 147 119 247 312 15 360 415 107 
b
193 50 412 27 345 240 148 381 273 
v
b
436 251 220 248 348 434 172 372 153 
b
113 363 492 267 472 364 36 326 126 
b
193 192 122 284 470 37 70 348 279 
b
434 39 308 50 239 98 364 371 129 
b
62 440 151 254 139 380 385 474 384 
b
204 255 4 13 84 491 63 347 147 
b
378 363 265 450 315 295 159 54 342 
b
310 412 415 177 305 321 91 207 148 
b
187 388 357 85 166 350 216 349 192 
b
491 258 188 454 215 450 309 435 327 
v
h
241 31 398 476 464 344 439 500 81 
h
180 134 490 204 474 217 184 289 402 
h
384 82 288 84 297 131 288 417 369 
h
363 472 105 235 252 5 365 365 133 
h
415 136 96 306 63 372 200 338 145 
h
347 493 261 218 175 476 434 309 164 
h
212 459 338 495 93 329 363 118 306 
h
71 491 352 133 306 276 107 473 105 
h
227 372 163 210 458 143 152 0 436 
h
332 202 236 465 406 407 145 280 120 
v
h
131 323 123 337 301 473 217 394 273 
h
282 213 488 162 3 285 338 30 207 
h
429 434 27 331 86 216 57 471 349 
h
101 250 136 266 283 241 260 168 479 
h
169 403 262 480 10 105 6 93 178 
h
117 361 463 404 460 385 297 379 191 
h
426 468 228 332 336 39 19 324 39 
h
264 483 500 97 404 71 367 44 81 
h
199 120 128 212 148 27 18 216 154 
h
98 129 295 164 264 159 132 403 21 
v
h
415 8 155 203 447 260 165 63 167 
h
349 303 446 372 468 360 210 208 331 
h
500 336 358 443 103 243 426 423 47 
h
261 268 285 267 123 460 149 168 13 
h
244 405 494 47 2 469 264 180 302 
h
401 285 151 57 425 493 242 386 470 
h
93 249 36 155 146 179 375 313 203 
h
416 89 106 414 444 38 473 55 391 
h
145 473 128 32 452 341 189 394 212 
h
366 83 226 221 347 263 244 151 105 
v
h
299 174 237 476 467 323 127 317 371 
h
101 362 411 54 97 365 127 311 468 
h
318 329 34 374 87 100 454 206 485 
h
4 397 16 201 285 299 264 370 135 
h
438 261 183 348 197 384 230 415 327 
h
271 425 288 345 391 235 368 95 277 
h
226 482 22 217 348 119 462 407 277 
h
115 44 87 17 500 179 114 157 87 
h
447 382 144 27 199 214 234 27 215 
h
252 229 403 119 65 313 77 299 496 
v
h
483 342 460 57 3 255 63 364 282 
h
393 315 389 62 91 479 394 183 466 
h
81 173 18 325 479 421 406 271 164 
h
218 214 55 82 466 275 80 228 352 
h
439 291 299 446 398 367 7 191 394 
h
86 209 209 106 76 351 204 471 407 
h
466 99 498 403 363 287 376 496 173 
h
78 291 304 484 119 257 97 195 321 
h
204 96 17 450 472 92 173 49 226 
h
205 288 450 273 463 37 89 105 166 
v
h
219 453 500 383 24 253 420 364 304 
h
188 387 331 464 356 243 45 13 81 
h
208 180 333 500 394 387 192 375 248 
h
205 28 272 184 275 61 1 458 459 
h
7 241 489 272 442 353 404 87 129 
h
414 223 119 408 257 448 132 4 420 
h
151 129 92 41 466 96 391 64 44 
h
103 190 118 55 318 423 86 42 493 
h
63 87 489 200 202 95 55 399 245 
h
196 10 184 172 36 121 267 191 418 
v
h
352 288 454 413 55 205 79 401 182 
h
88 190 131 41 329 231 184 233 66 
h
209 339 186 81 105 405 193 238 39 
h
14 208 273 143 433 92 108 40 107 
h
124 172 295 230 345 246 96 389 260 
h
255 305 337 47 119 21 181 451 139 
h
433 436 454 125 47 341 204 284 46 
h
321 439 181 472 300 312 379 205 388 
h
3 133 290 343 123 239 358 392 321 
h
327 244 334 353 92 107 150 466 343 
v
h
13 202 339 104 350 380 384 176 157 
h
402 354 82 387 79 65 68 40 206 
h
467 358 497 490 13 104 451 240 342 
h
145 256 45 480 452 452 126 275 82 
h
186 369 256 351 279 209 326 139 261 
h
335 43 335 39 450 163 461 14 288 
h
491 110 78 442 417 382 229 483 280 
h
140 185 337 181 233 112 313 375 225 
h
325 353 392 468 203 123 327 99 410 
h
203 361 452 335 128 69 287 225 197 
v
h
469 253 496 279 386 400 210 48 402 
h
81 61 77 205 425 257 82 480 265 
h
292 98 429 165 158 322 197 32 445 
h
418 255 340 154 340 244 7 431 410 
h
294 46 180 15 126 156 423 48 413 
h
455 426 150 281 192 472 300 69 34 
h
90 193 126 458 423 200 430 66 100 
h
306 295 24 356 43 72 311 109 140 
h
8 485 36 186 112 293 322 213 269 
h
436 235 340 154 44 478 380 190 426 
v
h
268 73 11 478 395 233 123 375 265 
h
120 495 114 114 125 197 476 210 441 
h
149 50 290 167 421 280 426 302 181 
h
90 400 366 418 261 365 189 366 338 
h
124 313 174 11 302 436 38 179 52 
h
471 466 12 417 149 401 143 330 280 
h
253 5 422 54 60 112 69 458 358 
h
389 370 443 20 466 377 283 466 493 
h
174 425 107 453 208 272 331 258 342 
h
31 112 433 296 137 290 480 203 59 
v
h
231 373 218 74 408 351 128 142 115 
h
205 59 107 273 61 416 154 342 315 
h
222 297 195 324 115 179 462 500 226 
h
207 122 3 297 348 231 426 484 276 
h
253 414 466 243 253 82 92 194 467 
h
254 410 59 496 425 158 385 19 471 
h
30 109 280 135 396 86 209 97 442 
h
452 347 160 187 70 110 301 125 209 
h
40 441 363 319 321 18 123 86 425 
h
216 45 100 154 413 302 428 262 213 
v
h
101 167 402 425 245 236 367 233 152 
h
329 128 311 170 427 388 387 105 225 
h
496 396 267 494 313 165 144 408 496 
h
188 232 139 302 470 283 254 461 457 
h
208 377 222 492 423 103 262 338 309 
h
280 238 435 64 329 190 223 363 319 
h
466 213 387 34 489 44 427 469 168 
h
35 122 250 299 116 264 492 371 75 
h
104 145 21 54 204 372 198 399 342 
h
335 373 132 374 409 61 109 137 463 
v
h
338 250 98 216 192 315 393 369 115 
h
266 457 317 172 276 257 312 484 404 
h
95 381 401 258 353 275 26 60 333 
h
313 298 440 87 97 290 176 346 110 
h
43 10 429 321 345 488 80 76 414 
h
148 243 150 24 275 50 209 278 38 
h
336 497 205 85 154 183 378 63 113 
h
500 429 409 329 294 41 295 176 468 
h
275 176 272 338 116 262 425 411 199 
h
180 345 166 172 71 326 298 201 41 
v
h
283 489 146 493 103 493 340 167 187 
h
461 70 8 376 480 304 422 471 91 
h
142 221 474 243 343 500 268 95 58 
h
398 25 41 259 196 397 174 484 383 
h
468 188 10 373 69 340 383 258 131 
h
148 150 426 498 18 113 144 341 4 
h
215 122 389 268 84 288 120 1 369 
h
252 173 11 112 390 62 101 236 24 
h
235 218 116 173 262 460 427 324 377 
h
291 463 299 309 71 217 86 406 478 
v
h
69 217 367 356 301 497 376 302 424 
h
61 399 282 197 41 52 267 184 132 
h
414 232 214 349 231 293 457 211 363 
h
380 475 295 343 288 143 48 350 19 
h
481 372 318 395 342 449 191 257 453 
h
92 248 301 188 460 372 155 240 406 
h
264 199 46 383 317 409 382 165 288 
h
415 116 95 466 476 274 444 236 116 
h
215 347 28 420 209 14 449 279 259 
h
362 232 225 480 467 32 285 214 58 
v
h
99 408 436 46 494 2 255 166 10 
h
175 330 165 429 446 243 220 127 438 
h
238 158 242 349 36 321 20 423 184 
h
34 166 478 159 170 240 201 465 195 
h
499 313 88 294 34 489 169 293 37 
h
223 103 458 25 52 458 301 482 413 
h
128 447 466 196 304 157 245 141 48 
h
213 392 215 349 313 350 291 31 478 
h
273 108 7 493 173 40 248 304 356 
h
345 454 129 352 122 460 229 343 201 
v
h
71 351 91 457 327 317 491 412 305 
h
83 169 403 113 31 393 40 61 233 
h
265 291 239 384 467 301 497 99 398 
h
301 256 8 200 196 306 313 263 185 
h
231 213 167 316 415 116 66 435 409 
h
86 413 262 49 160 488 379 294 411 
h
11 453 43 407 43 494 281 21 4 
h
410 3 84 378 347 220 114 63 326 
h
290 442 407 324 395 281 287 254 156 
h
246 64 48 337 376 1 124 417 397 
v
h
146 480 120 398 5 114 21 171 269 
h
400 206 185 36 301 237 49 426 445 
h
89 201 488 176 490 22 185 305 394 
h
423 109 499 66 396 415 186 407 309 
h
394 31 474 114 454 10 484 410 227 
h
44 378 404 10 171 146 186 123 152 
h
150 182 469 403 385 303 374 278 91 
h
487 427 36 252 129 52 156 96 365 
h
303 147 255 85 328 73 453 41 184 
h
356 14 336 386 160 447 473 107 279 
v
h
378 233 370 320 39 387 295 490 489 
h
107 480 110 296 22 225 39 482 145 
h
167 367 153 91 247 444 349 343 85 
h
456 275 405 461 101 332 280 173 384 
h
219 62 474 338 419 110 458 480 432 
h
307 323 496 294 479 381 80 178 483 
h
373 194 305 498 460 214 402 202 396 
h
32 86 37 441 410 189 86 108 8 
h
8 383 285 23 436 110 25 383 386 
h
317 179 121 66 37 60 233 89 253 
v
h
192 385 473 233 122 355 265 134 323 
h
365 397 65 222 283 202 325 460 235 
h
58 355 182 1 224 409 33 446 220 
h
245 351 350 395 287 7 349 97 315 
h
175 461 455 487 70 49 147 332 261 
h
446 315 273 415 33 199 103 91 253 
h
89 497 137 242 320 410 208 164 140 
h
291 484 7 85 99 117 153 109 59 
h
320 279 461 75 51 209 3 466 26 
h
113 488 377 338 392 319 250 66 312 
v
v
g
face.png
q
