b
0 0 100 0 265 265 50 0
h
500 0 100 0 500 0 550 0
c
250 0 0
b
0 0 115 45 265 265 20 45
h
500 0 70 86 500 30 580 45
c
250 58 15
b
0 0 130 90 265 265 -10 90
h
500 0 40 193 500 60 610 90
c
250 82 30
b
0 0 145 135 265 265 -40 135
h
500 0 10 307 500 90 640 135
c
250 100 45
b
0 0 160 180 265 265 -70 180
h
500 0 -20 426 500 120 670 180
c
250 116 60
b
0 0 175 225 265 265 -100 225
h
500 0 -50 549 500 150 700 225
c
250 129 75
b
0 0 190 270 265 265 -130 270
h
500 0 -80 675 500 180 730 270
c
250 142 90
b
0 0 205 315 265 265 -160 315
h
500 0 -110 804 500 210 760 315
c
250 153 105
b
0 0 220 360 265 265 -190 360
h
500 0 -140 935 500 240 790 360
c
250 164 120
b
0 0 235 405 265 265 -220 405
h
500 0 -170 1068 500 270 820 405
c
250 174 135
b
0 0 250 450 265 265 -250 450
h
500 0 -200 1202 500 300 850 450
c
250 183 150
b
0 0 265 495 265 265 -280 495
h
500 0 -230 1338 500 330 880 495
c
250 192 165
b
0 0 280 540 265 265 -310 540
h
500 0 -260 1475 500 360 910 540
c
250 201 180
b
0 0 295 585 265 265 -340 585
h
500 0 -290 1614 500 390 940 585
c
250 209 195
b
0 0 310 630 265 265 -370 630
h
500 0 -320 1753 500 420 970 630
c
250 217 210
b
0 0 325 675 265 265 -400 675
h
500 0 -350 1894 500 450 1000 675
c
250 225 225
b
0 0 340 720 265 265 -430 720
h
500 0 -380 2036 500 480 1030 720
c
250 232 240
v
g
test.png