c
-275 -300 0
c
-265 -290 10
c
-255 -280 20
c
-245 -270 30
c
-235 -260 40
c
-225 -250 50
c
-215 -240 60
c
-205 -230 70
c
275 -300 0
c
265 -290 10
c
255 -280 20
c
245 -270 30
c
235 -260 40
c
225 -250 50
c
215 -240 60
c
205 -230 70
h
-240 250 -440 450 240 250 40 450
h
-220 227 -420 427 220 227 20 427
h
-200 204 -400 404 200 204 0 404
h
-180 181 -380 381 180 181 -20 381
h
-160 158 -360 358 160 158 -40 358
h
-140 135 -340 335 140 135 -60 335
h
-120 112 -320 312 120 112 -80 312
h
-100 89 -300 289 100 89 -100 289
h
-80 66 -280 266 80 66 -120 266
h
-60 43 -260 243 60 43 -140 243
h
-40 20 -240 220 40 20 -160 220
h
-20 -3 -220 197 20 -3 -180 197
b
0 -299 0 -300 0 -300 0 -299
b
0 -299 0 -300 0 -300 0 -299
b
0 -299 10 -295 10 -280 0 -289
b
0 -299 -10 -295 -10 -280 0 -289
b
0 -299 20 -290 20 -260 0 -279
b
0 -299 -20 -290 -20 -260 0 -279
b
0 -299 30 -285 30 -240 0 -269
b
0 -299 -30 -285 -30 -240 0 -269
b
0 -299 40 -280 40 -220 0 -259
b
0 -299 -40 -280 -40 -220 0 -259
b
0 -299 50 -275 50 -200 0 -249
b
0 -299 -50 -275 -50 -200 0 -249
b
0 -299 60 -270 60 -180 0 -239
b
0 -299 -60 -270 -60 -180 0 -239
b
0 -299 70 -265 70 -160 0 -229
b
0 -299 -70 -265 -70 -160 0 -229
b
0 -299 80 -260 80 -140 0 -219
b
0 -299 -80 -260 -80 -140 0 -219
b
0 -299 90 -255 90 -120 0 -209
b
0 -299 -90 -255 -90 -120 0 -209
b
0 -299 100 -250 100 -100 0 -199
b
0 -299 -100 -250 -100 -100 0 -199
b
0 -299 110 -245 110 -80 0 -189
b
0 -299 -110 -245 -110 -80 0 -189
b
0 -299 120 -240 120 -60 0 -179
b
0 -299 -120 -240 -120 -60 0 -179
b
0 -299 130 -235 130 -40 0 -169
b
0 -299 -130 -235 -130 -40 0 -169
b
0 -299 140 -230 140 -20 0 -159
b
0 -299 -140 -230 -140 -20 0 -159
b
0 -299 150 -225 150 0 0 -149
b
0 -299 -150 -225 -150 0 0 -149
b
0 -299 160 -220 160 20 0 -139
b
0 -299 -160 -220 -160 20 0 -139
b
0 -299 170 -215 170 40 0 -129
b
0 -299 -170 -215 -170 40 0 -129
b
0 -299 180 -210 180 60 0 -119
b
0 -299 -180 -210 -180 60 0 -119
b
0 -299 190 -205 190 80 0 -109
b
0 -299 -190 -205 -190 80 0 -109
b
0 -299 200 -200 200 100 0 -99
b
0 -299 -200 -200 -200 100 0 -99
b
0 -299 210 -195 210 120 0 -89
b
0 -299 -210 -195 -210 120 0 -89
b
0 -299 220 -190 220 140 0 -79
b
0 -299 -220 -190 -220 140 0 -79
v
g
pic.ppm