l
238 50 100 238 50 300
l
238 50 100 210 55 100
l
238 50 300 210 55 300
l
210 55 100 210 55 300
l
210 55 100 195 60 100
l
210 55 300 195 60 300
l
195 60 100 195 60 300
l
195 60 100 184 65 100
l
195 60 300 184 65 300
l
184 65 100 184 65 300
l
184 65 100 174 70 100
l
184 65 300 174 70 300
l
174 70 100 174 70 300
l
174 70 100 166 75 100
l
174 70 300 166 75 300
l
166 75 100 166 75 300
l
166 75 100 158 80 100
l
166 75 300 158 80 300
l
158 80 100 158 80 300
l
158 80 100 152 85 100
l
158 80 300 152 85 300
l
152 85 100 152 85 300
l
152 85 100 146 90 100
l
152 85 300 146 90 300
l
146 90 100 146 90 300
l
146 90 100 140 95 100
l
146 90 300 140 95 300
l
140 95 100 140 95 300
l
140 95 100 135 100 100
l
140 95 300 135 100 300
l
135 100 100 135 100 300
l
135 100 100 130 105 100
l
135 100 300 130 105 300
l
130 105 100 130 105 300
l
130 105 100 126 110 100
l
130 105 300 126 110 300
l
126 110 100 126 110 300
l
126 110 100 122 115 100
l
126 110 300 122 115 300
l
122 115 100 122 115 300
l
122 115 100 118 120 100
l
122 115 300 118 120 300
l
118 120 100 118 120 300
l
118 120 100 115 125 100
l
118 120 300 115 125 300
l
115 125 100 115 125 300
l
115 125 100 111 130 100
l
115 125 300 111 130 300
l
111 130 100 111 130 300
l
111 130 100 108 135 100
l
111 130 300 108 135 300
l
108 135 100 108 135 300
l
108 135 100 105 140 100
l
108 135 300 105 140 300
l
105 140 100 105 140 300
l
105 140 100 102 145 100
l
105 140 300 102 145 300
l
102 145 100 102 145 300
l
102 145 100 100 150 100
l
102 145 300 100 150 300
l
100 150 100 100 150 300
l
100 150 100 97 155 100
l
100 150 300 97 155 300
l
97 155 100 97 155 300
l
97 155 100 95 160 100
l
97 155 300 95 160 300
l
95 160 100 95 160 300
l
95 160 100 93 165 100
l
95 160 300 93 165 300
l
93 165 100 93 165 300
l
93 165 100 91 170 100
l
93 165 300 91 170 300
l
91 170 100 91 170 300
l
91 170 100 89 175 100
l
91 170 300 89 175 300
l
89 175 100 89 175 300
l
89 175 100 88 180 100
l
89 175 300 88 180 300
l
88 180 100 88 180 300
l
88 180 100 86 185 100
l
88 180 300 86 185 300
l
86 185 100 86 185 300
l
86 185 100 85 190 100
l
86 185 300 85 190 300
l
85 190 100 85 190 300
l
85 190 100 83 195 100
l
85 190 300 83 195 300
l
83 195 100 83 195 300
l
83 195 100 82 200 100
l
83 195 300 82 200 300
l
82 200 100 82 200 300
l
82 200 100 81 205 100
l
82 200 300 81 205 300
l
81 205 100 81 205 300
l
81 205 100 80 210 100
l
81 205 300 80 210 300
l
80 210 100 80 210 300
l
80 210 100 79 215 100
l
80 210 300 79 215 300
l
79 215 100 79 215 300
l
79 215 100 79 220 100
l
79 215 300 79 220 300
l
79 220 100 79 220 300
l
79 220 100 78 225 100
l
79 220 300 78 225 300
l
78 225 100 78 225 300
l
78 225 100 78 230 100
l
78 225 300 78 230 300
l
78 230 100 78 230 300
l
78 230 100 77 235 100
l
78 230 300 77 235 300
l
77 235 100 77 235 300
l
77 235 100 77 240 100
l
77 235 300 77 240 300
l
77 240 100 77 240 300
l
77 240 100 77 245 100
l
77 240 300 77 245 300
l
77 245 100 77 245 300
l
77 245 100 77 250 100
l
77 245 300 77 250 300
l
77 250 100 77 250 300
l
77 250 100 77 255 100
l
77 250 300 77 255 300
l
77 255 100 77 255 300
l
77 255 100 77 260 100
l
77 255 300 77 260 300
l
77 260 100 77 260 300
l
77 260 100 77 265 100
l
77 260 300 77 265 300
l
77 265 100 77 265 300
l
77 265 100 78 270 100
l
77 265 300 78 270 300
l
78 270 100 78 270 300
l
78 270 100 78 275 100
l
78 270 300 78 275 300
l
78 275 100 78 275 300
l
78 275 100 79 280 100
l
78 275 300 79 280 300
l
79 280 100 79 280 300
l
79 280 100 79 285 100
l
79 280 300 79 285 300
l
79 285 100 79 285 300
l
79 285 100 80 290 100
l
79 285 300 80 290 300
l
80 290 100 80 290 300
l
80 290 100 81 295 100
l
80 290 300 81 295 300
l
81 295 100 81 295 300
l
81 295 100 82 300 100
l
81 295 300 82 300 300
l
82 300 100 82 300 300
l
82 300 100 83 305 100
l
82 300 300 83 305 300
l
83 305 100 83 305 300
l
83 305 100 85 310 100
l
83 305 300 85 310 300
l
85 310 100 85 310 300
l
85 310 100 86 315 100
l
85 310 300 86 315 300
l
86 315 100 86 315 300
l
86 315 100 88 320 100
l
86 315 300 88 320 300
l
88 320 100 88 320 300
l
88 320 100 89 325 100
l
88 320 300 89 325 300
l
89 325 100 89 325 300
l
89 325 100 91 330 100
l
89 325 300 91 330 300
l
91 330 100 91 330 300
l
91 330 100 93 335 100
l
91 330 300 93 335 300
l
93 335 100 93 335 300
l
93 335 100 95 340 100
l
93 335 300 95 340 300
l
95 340 100 95 340 300
l
95 340 100 97 345 100
l
95 340 300 97 345 300
l
97 345 100 97 345 300
l
97 345 100 100 350 100
l
97 345 300 100 350 300
l
100 350 100 100 350 300
l
100 350 100 102 355 100
l
100 350 300 102 355 300
l
102 355 100 102 355 300
l
102 355 100 105 360 100
l
102 355 300 105 360 300
l
105 360 100 105 360 300
l
105 360 100 108 365 100
l
105 360 300 108 365 300
l
108 365 100 108 365 300
l
108 365 100 111 370 100
l
108 365 300 111 370 300
l
111 370 100 111 370 300
l
111 370 100 115 375 100
l
111 370 300 115 375 300
l
115 375 100 115 375 300
l
115 375 100 118 380 100
l
115 375 300 118 380 300
l
118 380 100 118 380 300
l
118 380 100 122 385 100
l
118 380 300 122 385 300
l
122 385 100 122 385 300
l
122 385 100 126 390 100
l
122 385 300 126 390 300
l
126 390 100 126 390 300
l
126 390 100 130 395 100
l
126 390 300 130 395 300
l
130 395 100 130 395 300
l
130 395 100 135 400 100
l
130 395 300 135 400 300
l
135 400 100 135 400 300
l
135 400 100 140 405 100
l
135 400 300 140 405 300
l
140 405 100 140 405 300
l
140 405 100 146 410 100
l
140 405 300 146 410 300
l
146 410 100 146 410 300
l
146 410 100 152 415 100
l
146 410 300 152 415 300
l
152 415 100 152 415 300
l
152 415 100 158 420 100
l
152 415 300 158 420 300
l
158 420 100 158 420 300
l
158 420 100 166 425 100
l
158 420 300 166 425 300
l
166 425 100 166 425 300
l
166 425 100 174 430 100
l
166 425 300 174 430 300
l
174 430 100 174 430 300
l
174 430 100 184 435 100
l
174 430 300 184 435 300
l
184 435 100 184 435 300
l
184 435 100 195 440 100
l
184 435 300 195 440 300
l
195 440 100 195 440 300
l
195 440 100 210 445 100
l
195 440 300 210 445 300
l
210 445 100 210 445 300
l
210 445 100 238 450 100
l
210 445 300 238 450 300
l
238 450 100 238 450 300
l
238 450 100 262 450 100
l
238 450 300 262 450 300
l
262 450 100 262 450 300
l
262 450 100 290 445 100
l
262 450 300 290 445 300
l
290 445 100 290 445 300
l
290 445 100 305 440 100
l
290 445 300 305 440 300
l
305 440 100 305 440 300
l
305 440 100 316 435 100
l
305 440 300 316 435 300
l
316 435 100 316 435 300
l
316 435 100 326 430 100
l
316 435 300 326 430 300
l
326 430 100 326 430 300
l
326 430 100 334 425 100
l
326 430 300 334 425 300
l
334 425 100 334 425 300
l
334 425 100 342 420 100
l
334 425 300 342 420 300
l
342 420 100 342 420 300
l
342 420 100 348 415 100
l
342 420 300 348 415 300
l
348 415 100 348 415 300
l
348 415 100 354 410 100
l
348 415 300 354 410 300
l
354 410 100 354 410 300
l
354 410 100 360 405 100
l
354 410 300 360 405 300
l
360 405 100 360 405 300
l
360 405 100 365 400 100
l
360 405 300 365 400 300
l
365 400 100 365 400 300
l
365 400 100 370 395 100
l
365 400 300 370 395 300
l
370 395 100 370 395 300
l
370 395 100 374 390 100
l
370 395 300 374 390 300
l
374 390 100 374 390 300
l
374 390 100 378 385 100
l
374 390 300 378 385 300
l
378 385 100 378 385 300
l
378 385 100 382 380 100
l
378 385 300 382 380 300
l
382 380 100 382 380 300
l
382 380 100 385 375 100
l
382 380 300 385 375 300
l
385 375 100 385 375 300
l
385 375 100 389 370 100
l
385 375 300 389 370 300
l
389 370 100 389 370 300
l
389 370 100 392 365 100
l
389 370 300 392 365 300
l
392 365 100 392 365 300
l
392 365 100 395 360 100
l
392 365 300 395 360 300
l
395 360 100 395 360 300
l
395 360 100 398 355 100
l
395 360 300 398 355 300
l
398 355 100 398 355 300
l
398 355 100 400 350 100
l
398 355 300 400 350 300
l
400 350 100 400 350 300
l
400 350 100 403 345 100
l
400 350 300 403 345 300
l
403 345 100 403 345 300
l
403 345 100 405 340 100
l
403 345 300 405 340 300
l
405 340 100 405 340 300
l
405 340 100 407 335 100
l
405 340 300 407 335 300
l
407 335 100 407 335 300
l
407 335 100 409 330 100
l
407 335 300 409 330 300
l
409 330 100 409 330 300
l
409 330 100 411 325 100
l
409 330 300 411 325 300
l
411 325 100 411 325 300
l
411 325 100 412 320 100
l
411 325 300 412 320 300
l
412 320 100 412 320 300
l
412 320 100 414 315 100
l
412 320 300 414 315 300
l
414 315 100 414 315 300
l
414 315 100 415 310 100
l
414 315 300 415 310 300
l
415 310 100 415 310 300
l
415 310 100 417 305 100
l
415 310 300 417 305 300
l
417 305 100 417 305 300
l
417 305 100 418 300 100
l
417 305 300 418 300 300
l
418 300 100 418 300 300
l
418 300 100 419 295 100
l
418 300 300 419 295 300
l
419 295 100 419 295 300
l
419 295 100 420 290 100
l
419 295 300 420 290 300
l
420 290 100 420 290 300
l
420 290 100 421 285 100
l
420 290 300 421 285 300
l
421 285 100 421 285 300
l
421 285 100 421 280 100
l
421 285 300 421 280 300
l
421 280 100 421 280 300
l
421 280 100 422 275 100
l
421 280 300 422 275 300
l
422 275 100 422 275 300
l
422 275 100 422 270 100
l
422 275 300 422 270 300
l
422 270 100 422 270 300
l
422 270 100 423 265 100
l
422 270 300 423 265 300
l
423 265 100 423 265 300
l
423 265 100 423 260 100
l
423 265 300 423 260 300
l
423 260 100 423 260 300
l
423 260 100 423 255 100
l
423 260 300 423 255 300
l
423 255 100 423 255 300
l
423 255 100 423 250 100
l
423 255 300 423 250 300
l
423 250 100 423 250 300
l
423 250 100 423 245 100
l
423 250 300 423 245 300
l
423 245 100 423 245 300
l
423 245 100 423 240 100
l
423 245 300 423 240 300
l
423 240 100 423 240 300
l
423 240 100 423 235 100
l
423 240 300 423 235 300
l
423 235 100 423 235 300
l
423 235 100 422 230 100
l
423 235 300 422 230 300
l
422 230 100 422 230 300
l
422 230 100 422 225 100
l
422 230 300 422 225 300
l
422 225 100 422 225 300
l
422 225 100 421 220 100
l
422 225 300 421 220 300
l
421 220 100 421 220 300
l
421 220 100 421 215 100
l
421 220 300 421 215 300
l
421 215 100 421 215 300
l
421 215 100 420 210 100
l
421 215 300 420 210 300
l
420 210 100 420 210 300
l
420 210 100 419 205 100
l
420 210 300 419 205 300
l
419 205 100 419 205 300
l
419 205 100 418 200 100
l
419 205 300 418 200 300
l
418 200 100 418 200 300
l
418 200 100 417 195 100
l
418 200 300 417 195 300
l
417 195 100 417 195 300
l
417 195 100 415 190 100
l
417 195 300 415 190 300
l
415 190 100 415 190 300
l
415 190 100 414 185 100
l
415 190 300 414 185 300
l
414 185 100 414 185 300
l
414 185 100 412 180 100
l
414 185 300 412 180 300
l
412 180 100 412 180 300
l
412 180 100 411 175 100
l
412 180 300 411 175 300
l
411 175 100 411 175 300
l
411 175 100 409 170 100
l
411 175 300 409 170 300
l
409 170 100 409 170 300
l
409 170 100 407 165 100
l
409 170 300 407 165 300
l
407 165 100 407 165 300
l
407 165 100 405 160 100
l
407 165 300 405 160 300
l
405 160 100 405 160 300
l
405 160 100 403 155 100
l
405 160 300 403 155 300
l
403 155 100 403 155 300
l
403 155 100 400 150 100
l
403 155 300 400 150 300
l
400 150 100 400 150 300
l
400 150 100 398 145 100
l
400 150 300 398 145 300
l
398 145 100 398 145 300
l
398 145 100 395 140 100
l
398 145 300 395 140 300
l
395 140 100 395 140 300
l
395 140 100 392 135 100
l
395 140 300 392 135 300
l
392 135 100 392 135 300
l
392 135 100 389 130 100
l
392 135 300 389 130 300
l
389 130 100 389 130 300
l
389 130 100 385 125 100
l
389 130 300 385 125 300
l
385 125 100 385 125 300
l
385 125 100 382 120 100
l
385 125 300 382 120 300
l
382 120 100 382 120 300
l
382 120 100 378 115 100
l
382 120 300 378 115 300
l
378 115 100 378 115 300
l
378 115 100 374 110 100
l
378 115 300 374 110 300
l
374 110 100 374 110 300
l
374 110 100 370 105 100
l
374 110 300 370 105 300
l
370 105 100 370 105 300
l
370 105 100 365 100 100
l
370 105 300 365 100 300
l
365 100 100 365 100 300
l
365 100 100 360 95 100
l
365 100 300 360 95 300
l
360 95 100 360 95 300
l
360 95 100 354 90 100
l
360 95 300 354 90 300
l
354 90 100 354 90 300
l
354 90 100 348 85 100
l
354 90 300 348 85 300
l
348 85 100 348 85 300
l
348 85 100 342 80 100
l
348 85 300 342 80 300
l
342 80 100 342 80 300
l
342 80 100 334 75 100
l
342 80 300 334 75 300
l
334 75 100 334 75 300
l
334 75 100 326 70 100
l
334 75 300 326 70 300
l
326 70 100 326 70 300
l
326 70 100 316 65 100
l
326 70 300 316 65 300
l
316 65 100 316 65 300
l
316 65 100 305 60 100
l
316 65 300 305 60 300
l
305 60 100 305 60 300
l
305 60 100 290 55 100
l
305 60 300 290 55 300
l
290 55 100 290 55 300
l
290 55 100 262 50 100
l
290 55 300 262 50 300
l
262 50 100 262 50 300
l
262 50 100 238 50 100
l
262 50 300 238 50 300
i
x
20
y
20
z
20
t
150 50 0
a
v
g
cylinder.png