c
500 0 0
c
495 5 1
c
490 10 2
c
485 15 3
c
480 20 4
c
475 25 5
c
470 30 6
c
465 35 7
c
460 40 8
c
455 45 9
c
450 50 10
c
445 55 11
c
440 60 12
c
435 65 13
c
430 70 14
c
425 75 15
c
420 80 16
c
415 85 17
c
410 90 18
c
405 95 19
c
400 100 20
c
395 105 21
c
390 110 22
c
385 115 23
c
380 120 24
c
375 125 25
c
370 130 26
c
365 135 27
c
360 140 28
c
355 145 29
c
350 150 30
c
345 155 31
c
340 160 32
c
335 165 33
c
330 170 34
h
-40 510 60 340 210 510 185 340 
h
-30 500 70 330 220 500 195 330 
h
-20 490 80 320 230 490 205 320 
h
-10 480 90 310 240 480 215 310 
h
0 470 100 300 250 470 225 300 
h
10 460 110 290 260 460 235 290 
h
20 450 120 280 270 450 245 280 
h
30 440 130 270 280 440 255 270 
h
40 430 140 260 290 430 265 260 
h
50 420 150 250 300 420 275 250 
h
60 410 160 240 310 410 285 240 
h
70 400 170 230 320 400 295 230 
b
 0 0 173 386 468 484 500 500 
b
 0 0 261 138 473 174 500 500 
b
 0 0 58 245 25 191 500 500 
b
 0 0 380 159 254 14 500 500 
b
 0 0 282 435 343 104 500 500 
b
 0 0 418 193 242 100 500 500 
b
 0 0 200 499 189 410 500 500 
b
 0 0 108 451 386 276 500 500 
b
 0 0 171 454 275 347 500 500 
b
 0 0 344 365 321 249 500 500 
v
g
image.png
