h
0 0 500 500 215 270 275 462
c
215 270 30
b
0 0 500 500 215 270 275 462
c
275 462 30
h
0 0 500 500 80 367 24 101
c
80 367 30
b
0 0 500 500 80 367 24 101
c
24 101 30
h
0 0 500 500 186 71 331 455
c
186 71 30
b
0 0 500 500 186 71 331 455
c
331 455 30
h
0 0 500 500 402 147 154 163
c
402 147 30
b
0 0 500 500 402 147 154 163
c
154 163 30
h
0 0 500 500 132 214 391 415
c
132 214 30
b
0 0 500 500 132 214 391 415
c
391 415 30
h
0 0 500 500 457 204 263 77
c
457 204 30
b
0 0 500 500 457 204 263 77
c
263 77 30
h
0 0 500 500 119 331 284 244
c
119 331 30
b
0 0 500 500 119 331 284 244
c
284 244 30
h
0 0 500 500 416 17 318 45
c
416 17 30
b
0 0 500 500 416 17 318 45
c
318 45 30
h
0 0 500 500 247 205 136 336
c
247 205 30
b
0 0 500 500 247 205 136 336
c
136 336 30
h
0 0 500 500 406 208 294 333
c
406 208 30
b
0 0 500 500 406 208 294 333
c
294 333 30
g
pic.ppm