c
10 10 200
h
100 20 150 50 350 150 350 300
b
50 250 150 50 300 250 300 250
h
101 20 150 50 350 150 350 300
h
110 20 150 50 350 150 350 300
h
120 20 150 50 350 150 350 300
h
130 20 150 50 350 150 350 300
h
140 20 150 50 350 150 350 300
h
150 20 150 50 350 150 350 300
h
160 20 150 50 350 150 350 300
h
170 20 150 50 350 150 350 300
h
180 20 150 50 350 150 350 300
h
190 20 150 50 350 150 350 300
h
200 20 150 50 350 150 350 300
h
210 20 150 50 350 150 350 300
h
220 20 150 50 350 150 350 300
h
230 20 150 50 350 150 350 300
v
