c
400 120 0
c
399 126 2
c
399 131 4
c
398 137 6
c
397 142 8
c
396 147 10
c
395 152 12
c
393 157 14
c
391 161 16
c
389 165 18
c
387 170 20
c
384 174 22
c
381 177 24
c
378 181 26
c
375 185 28
c
372 188 30
c
368 191 32
c
364 195 34
c
361 198 36
c
357 201 38
c
353 203 40
c
348 206 38
c
344 209 36
c
339 211 34
c
335 213 32
c
330 216 30
c
325 218 28
c
320 220 26
c
315 222 24
c
310 224 22
c
305 226 20
c
299 228 18
c
294 230 16
c
288 232 14
c
283 234 12
c
277 236 10
c
272 237 8
c
266 239 6
c
261 241 4
c
255 243 2
c
250 245 0
c
244 246 2
c
238 248 4
c
232 250 6
c
227 252 8
c
221 254 10
c
216 255 12
c
210 257 14
c
205 259 16
c
200 261 18
c
194 263 20
c
189 265 22
c
184 268 24
c
179 270 26
c
174 272 28
c
169 275 30
c
164 277 32
c
159 280 34
c
155 282 36
c
150 285 38
c
146 288 40
c
142 291 38
c
138 294 36
c
134 298 34
c
131 301 32
c
127 305 30
c
124 309 28
c
121 313 26
c
118 317 24
c
115 321 22
c
112 325 20
c
110 330 18
c
108 334 16
c
106 340 14
c
104 344 12
c
103 350 10
c
102 355 8
c
101 361 6
c
100 367 4
c
100 373 2
c
50 250 0
c
57 240 2
c
64 232 4
c
71 224 6
c
78 217 8
c
85 211 10
c
91 205 12
c
98 200 14
c
104 196 16
c
110 191 18
c
116 188 20
c
122 185 22
c
127 183 24
c
133 181 26
c
138 179 28
c
144 178 30
c
149 178 32
c
154 177 34
c
159 178 36
c
164 178 38
c
168 179 40
c
173 181 38
c
177 182 36
c
182 184 34
c
186 187 32
c
191 189 30
c
195 192 28
c
199 195 26
c
203 198 24
c
207 202 22
c
211 206 20
c
215 210 18
c
219 214 16
c
223 218 14
c
227 222 12
c
231 227 10
c
234 231 8
c
238 236 6
c
242 240 4
c
246 245 2
c
250 250 0
c
253 254 2
c
257 259 4
c
261 264 6
c
265 268 8
c
269 273 10
c
272 277 12
c
276 281 14
c
280 286 16
c
284 290 18
c
288 293 20
c
292 297 22
c
296 301 24
c
300 304 26
c
304 307 28
c
309 310 30
c
313 312 32
c
317 315 34
c
322 317 36
c
326 319 38
c
331 320 40
c
336 321 38
c
340 321 36
c
345 322 34
c
350 322 32
c
356 321 30
c
361 320 28
c
366 318 26
c
372 316 24
c
378 314 22
c
383 311 20
c
389 307 18
c
395 304 16
c
402 299 14
c
408 294 12
c
415 288 10
c
421 282 8
c
428 274 6
c
435 267 4
c
442 258 2
c
250 250 200
c
250 250 210
c
250 250 220
c
250 250 230
c
250 250 240
c
250 250 250
c
250 250 260
c
250 250 270
c
250 250 280
c
250 250 290
c
250 250 300
c
250 250 310
c
250 250 320
c
250 250 330
c
250 250 340
v
g
curvything.png