h
0 500 14 77 500 0 462 133
h
2 0 62 101 0 2 444 206
h
4 500 147 64 500 4 78 443
h
6 0 375 88 0 6 454 388
h
8 500 129 106 500 8 397 262
h
10 0 202 153 0 10 377 1
h
12 500 158 146 500 12 62 389
h
14 0 479 70 0 14 263 207
h
16 500 91 190 500 16 379 115
h
18 500 139 229 500 18 496 312
h
20 500 145 52 500 20 460 200
h
22 500 147 168 500 22 462 411
h
24 500 218 56 500 24 194 11
h
26 0 481 161 0 26 474 292
h
28 0 425 179 0 28 429 413
h
30 500 186 184 500 30 114 156
h
32 0 396 200 0 32 365 56
h
34 500 50 80 500 34 45 412
h
36 0 266 192 0 36 398 281
h
38 500 55 27 500 38 271 211
h
40 0 156 82 0 40 442 110
h
42 500 121 29 500 42 1 183
h
44 500 100 249 500 44 99 1
h
46 500 9 8 500 46 95 91
h
48 500 178 77 500 48 237 296
h
50 500 238 88 500 50 235 127
h
52 500 238 99 500 52 180 208
h
54 500 147 48 500 54 301 41
h
56 500 17 72 500 56 185 195
h
58 0 24 211 0 58 359 199
h
60 500 44 120 500 60 190 161
h
62 500 248 37 500 62 128 231
h
64 500 128 62 500 64 462 73
h
66 500 192 190 500 66 128 165
h
68 500 241 205 500 68 151 60
h
70 0 59 128 0 70 268 170
h
72 500 105 142 500 72 464 282
h
74 500 219 120 500 74 226 188
h
76 500 92 27 500 76 125 108
h
78 500 84 142 500 78 491 22
h
80 0 22 135 0 80 456 73
h
82 500 124 107 500 82 469 181
h
84 0 328 172 0 84 301 146
h
86 500 125 28 500 86 460 240
h
88 500 91 41 500 88 269 450
h
90 0 340 55 0 90 424 143
h
92 500 125 239 500 92 282 141
h
94 0 138 209 0 94 312 282
h
96 500 217 205 500 96 475 116
h
98 500 36 123 500 98 397 121
h
100 500 40 60 500 100 473 340
h
102 500 73 131 500 102 353 245
h
104 0 274 5 0 104 357 166
h
106 500 211 152 500 106 134 33
h
108 500 142 145 500 108 484 17
h
110 500 192 213 500 110 496 246
h
112 0 440 98 0 112 348 394
h
114 500 72 147 500 114 252 9
h
116 500 199 192 500 116 365 326
h
118 0 81 97 0 118 416 168
h
120 500 5 155 500 120 104 328
h
122 0 409 234 0 122 480 77
h
124 500 227 117 500 124 439 442
h
126 500 187 236 500 126 471 275
h
128 500 100 70 500 128 445 193
h
130 0 156 219 0 130 289 359
h
132 500 194 36 500 132 293 248
h
134 0 456 164 0 134 448 184
h
136 500 103 76 500 136 163 274
h
138 500 47 137 500 138 141 328
h
140 0 177 216 0 140 285 276
h
142 0 55 1 0 142 419 327
h
144 0 418 16 0 144 467 394
h
146 500 30 220 500 146 25 259
h
148 500 85 11 500 148 478 308
h
150 500 206 204 500 150 10 391
h
152 500 92 143 500 152 102 304
h
154 500 11 85 500 154 210 448
h
156 0 421 240 0 156 253 187
h
158 500 200 51 500 158 217 112
h
160 500 96 175 500 160 132 162
h
162 0 34 128 0 162 325 425
h
164 500 78 220 500 164 232 360
h
166 500 172 168 500 166 223 86
h
168 0 347 159 0 168 262 241
h
170 500 94 22 500 170 483 72
h
172 500 15 185 500 172 447 107
h
174 500 21 218 500 174 463 223
h
176 500 190 81 500 176 184 72
h
178 0 199 178 0 178 369 29
h
180 500 147 172 500 180 274 68
h
182 500 104 28 500 182 222 224
h
184 500 57 246 500 184 8 134
h
186 0 340 232 0 186 450 361
h
188 500 78 106 500 188 259 107
h
190 500 117 231 500 190 104 149
h
192 0 202 41 0 192 387 449
h
194 0 26 118 0 194 364 308
h
196 500 197 149 500 196 325 209
h
198 500 113 169 500 198 420 495
h
200 500 111 232 500 200 496 288
h
202 500 125 150 500 202 398 257
h
204 500 94 66 500 204 374 431
h
206 500 96 197 500 206 424 6
h
208 0 411 33 0 208 392 301
h
210 500 234 148 500 210 368 154
h
212 0 171 73 0 212 317 362
h
214 500 218 75 500 214 445 401
h
216 0 480 1 0 216 315 223
h
218 0 3 160 0 218 412 277
h
220 0 229 14 0 220 488 122
h
222 0 204 204 0 222 467 286
h
224 0 272 68 0 224 386 399
h
226 500 140 67 500 226 28 458
h
228 500 47 236 500 228 462 378
h
230 0 26 64 0 230 386 392
h
232 500 16 175 500 232 327 161
h
234 500 58 79 500 234 441 222
h
236 500 3 205 500 236 372 474
h
238 500 70 212 500 238 280 23
h
240 500 18 206 500 240 29 443
h
242 500 196 55 500 242 288 242
h
244 500 67 61 500 244 227 224
h
246 500 190 130 500 246 470 121
h
248 500 91 248 500 248 157 43
h
250 500 229 188 500 250 194 221
h
252 500 147 165 500 252 172 109
h
254 500 194 57 500 254 246 268
h
256 0 243 89 0 256 316 48
h
258 0 312 231 0 258 447 374
h
260 0 273 129 0 260 315 436
h
262 0 159 55 0 262 340 477
h
264 500 1 1 500 264 107 104
h
266 0 168 189 0 266 476 457
h
268 500 101 211 500 268 30 66
h
270 500 122 79 500 270 334 123
h
272 500 198 64 500 272 212 331
h
274 0 324 144 0 274 309 4
h
276 500 70 165 500 276 144 335
h
278 500 120 58 500 278 105 296
h
280 500 220 31 500 280 212 86
h
282 500 201 155 500 282 304 352
h
284 500 164 244 500 284 134 20
h
286 500 59 111 500 286 416 379
h
288 0 185 208 0 288 273 261
h
290 500 147 156 500 290 497 467
h
292 0 184 200 0 292 289 161
h
294 500 211 48 500 294 483 316
h
296 500 194 115 500 296 139 0
h
298 0 312 19 0 298 457 108
h
300 500 149 77 500 300 324 200
h
302 500 41 239 500 302 187 12
h
304 0 19 132 0 304 310 182
h
306 500 75 245 500 306 313 212
h
308 500 212 51 500 308 172 411
h
310 0 398 36 0 310 445 204
h
312 0 468 186 0 312 344 271
h
314 0 63 115 0 314 297 123
h
316 500 241 25 500 316 322 56
h
318 500 226 39 500 318 423 20
h
320 500 135 210 500 320 261 76
h
322 500 200 124 500 322 21 118
h
324 0 95 242 0 324 320 202
h
326 500 199 73 500 326 347 256
h
328 0 95 187 0 328 428 336
h
330 500 63 11 500 330 86 421
h
332 0 281 25 0 332 384 428
h
334 0 54 92 0 334 370 373
h
336 500 116 215 500 336 46 465
h
338 0 338 60 0 338 488 123
h
340 500 112 17 500 340 313 337
h
342 0 275 125 0 342 304 68
h
344 0 255 6 0 344 344 133
h
346 500 219 23 500 346 109 38
h
348 500 202 235 500 348 347 376
h
350 500 179 160 500 350 279 454
h
352 0 340 201 0 352 348 27
h
354 500 170 69 500 354 210 287
h
356 500 226 70 500 356 244 315
h
358 500 32 60 500 358 205 138
h
360 500 79 151 500 360 274 18
h
362 500 74 23 500 362 61 271
h
364 500 219 215 500 364 258 269
h
366 500 186 87 500 366 52 130
h
368 500 189 36 500 368 121 215
h
370 500 216 24 500 370 451 383
h
372 500 34 14 500 372 1 380
h
374 0 441 229 0 374 296 303
h
376 500 182 202 500 376 467 71
h
378 0 55 56 0 378 342 121
h
380 0 64 236 0 380 382 313
h
382 500 218 107 500 382 195 78
h
384 0 444 214 0 384 347 240
h
386 0 206 46 0 386 415 473
h
388 500 225 200 500 388 35 89
h
390 500 213 22 500 390 143 158
h
392 500 171 94 500 392 17 355
h
394 500 215 82 500 394 2 207
h
396 500 190 173 500 396 241 203
h
398 500 101 116 500 398 154 223
h
400 500 123 134 500 400 20 66
h
402 500 99 23 500 402 83 3
h
404 500 239 241 500 404 41 305
h
406 500 53 185 500 406 194 406
h
408 0 269 210 0 408 259 19
h
410 500 167 188 500 410 11 292
h
412 500 168 156 500 412 15 457
h
414 0 151 244 0 414 389 37
h
416 500 138 212 500 416 310 403
h
418 500 163 240 500 418 329 126
h
420 500 244 44 500 420 434 264
h
422 0 176 66 0 422 400 491
h
424 500 192 190 500 424 33 348
h
426 0 486 203 0 426 376 344
h
428 500 89 173 500 428 96 345
h
430 500 68 30 500 430 329 324
h
432 0 355 178 0 432 436 122
h
434 500 226 43 500 434 304 337
h
436 500 182 95 500 436 175 208
h
438 500 235 179 500 438 269 96
h
440 500 192 70 500 440 109 192
h
442 500 23 217 500 442 459 175
h
444 500 97 8 500 444 96 323
h
446 0 402 240 0 446 323 98
h
448 500 243 209 500 448 375 236
h
450 500 20 58 500 450 211 219
h
452 0 66 180 0 452 284 110
h
454 500 43 164 500 454 56 351
h
456 0 415 19 0 456 397 170
h
458 500 12 107 500 458 176 41
h
460 0 339 196 0 460 324 377
h
462 500 221 223 500 462 125 142
h
464 500 245 199 500 464 428 55
h
466 500 143 213 500 466 16 114
h
468 500 35 188 500 468 39 381
h
470 500 145 226 500 470 424 210
h
472 500 95 21 500 472 197 376
h
474 500 178 244 500 474 343 386
h
476 0 157 26 0 476 300 483
h
478 500 97 36 500 478 164 192
h
480 500 149 72 500 480 365 294
h
482 500 26 229 500 482 67 119
h
484 500 42 36 500 484 364 483
h
486 0 311 88 0 486 406 203
h
488 500 163 145 500 488 224 0
h
490 0 449 200 0 490 391 143
h
492 0 374 67 0 492 459 262
h
494 0 389 80 0 494 286 72
h
496 500 234 185 500 496 194 90
h
498 500 124 102 500 498 470 350
v
g
test.png