c
0 250 0
c
5 250 0
c
10 250 0
c
15 250 0
c
20 250 1
c
25 250 2
c
30 250 3
c
35 250 4
c
40 250 6
c
45 250 8
c
50 250 10
c
55 250 12
c
60 250 14
c
65 250 16
c
70 250 19
c
75 250 22
c
80 250 25
c
85 250 28
c
90 250 32
c
95 250 36
c
100 250 40
c
105 250 44
c
110 250 48
c
115 250 52
c
120 250 57
c
125 250 62
c
130 250 67
c
135 250 72
c
140 250 78
c
145 250 84
c
150 250 90
c
155 250 96
c
160 250 102
c
165 250 108
c
170 250 115
c
175 250 122
c
180 250 129
c
185 250 136
c
190 250 144
c
195 250 152
c
200 250 160
c
205 250 168
c
210 250 176
c
215 250 184
c
220 250 193
c
225 250 202
c
230 250 211
c
235 250 220
c
240 250 230
c
245 250 240
c
250 250 250
c
255 250 240
c
260 250 230
c
265 250 220
c
270 250 211
c
275 250 202
c
280 250 193
c
285 250 184
c
290 250 176
c
295 250 168
c
300 250 160
c
305 250 152
c
310 250 144
c
315 250 136
c
320 250 129
c
325 250 122
c
330 250 115
c
335 250 108
c
340 250 102
c
345 250 96
c
350 250 90
c
355 250 84
c
360 250 78
c
365 250 72
c
370 250 67
c
375 250 62
c
380 250 57
c
385 250 52
c
390 250 48
c
395 250 44
c
400 250 40
c
405 250 36
c
410 250 32
c
415 250 28
c
420 250 25
c
425 250 22
c
430 250 19
c
435 250 16
c
440 250 14
c
445 250 12
c
450 250 10
c
455 250 8
c
460 250 6
c
465 250 4
c
470 250 3
c
475 250 2
c
480 250 1
c
485 250 0
c
490 250 0
c
495 250 0
c
250 250 200
c
175 325 50
c
325 325 50
c
175 325 10
c
325 325 10
h
150 150 150 50 350 150 350 300
b
200 250 150 50 300 250 300 250
v