c
250 250 20
b
210 250 215 200 295 200 290 250
b
210 250 180 230 230 180 240 190
b
240 190 240 180 270 175 270 185
b
270 185 300 175 320 205 290 250
h
210 250 200 275 250 270 245 250
b
200 220 100 350 350 380 300 230
b
200 220 200 225 190 260 210 280 
b
210 280 220 275 240 290 245 300
b
245 300 270 300 280 270 290 250
b
176 280 120 250 180 240 170 170
b
170 170 190 210 250 130 280 185
b
265 170 340 230 310 250 300 300
b
265 170 350 150 300 200 340 240
b
340 240 320 310 300 300 300 300 
h
340 240 300 400 250 350 350 400 
b
340 240 380 280 320 320 300 320 
b
300 320 320 360 250 310 250 350 
b
120 260 170 220 205 370 250 330 
b
120 260 160 260 130 300 170 335
b
170 335 210 320 200 400 250 330
v
g
rose.png
