l
0 1 1.618 0 -1 1.618 
l
0 -1 -1.618 0 1 -1.618 
l
1.618 0 -1 1.618 0 1 
l
-1.618 0 1 -1.618 0 -1 
l
-1 1.618 0 1 1.618 0 
l
1 -1.618 0 -1 -1.618 0 
l
0 1 1.618 1.618 0 1 
l
0 1 1.618 -1.618 0 1 
l
0 1 1.618 -1 1.618 0 
l
0 1 1.618 1 1.618 0 
l
0 -1 1.618 1.618 0 1 
l
0 -1 1.618 -1.618 0 1 
l
0 -1 1.618 1 -1.618 0 
l
0 -1 1.618 -1 -1.618 0 
l
0 -1 -1.618 1.618 0 -1 
l
0 -1 -1.618 -1.618 0 -1 
l
0 -1 -1.618 1 -1.618 0 
l
0 -1 -1.618 -1 -1.618 0 
l
0 1 -1.618 1.618 0 -1 
l
0 1 -1.618 -1.618 0 -1 
l
0 1 -1.618 -1 1.618 0 
l
0 1 -1.618 1 1.618 0 
l
-1.618 0 1 -1 1.618 0 
l
-1.618 0 1 -1 -1.618 0 
l
-1.618 0 -1 -1 1.618 0 
l
-1.618 0 -1 -1 -1.618 0 
l
1.618 0 -1 1 1.618 0 
l
1.618 0 -1 1 -1.618 0 
l
1.618 0 1 1 1.618 0 
l
1.618 0 1 1 -1.618 0 
i
s
100 100 100 
y
30 
x
144 
z
-60 
t
250 250 0 
a
g
rotation/icos72.gif 
