a
h
-40 510 60 340 210 510 185 340 
h
-20 490 80 320 230 490 205 320 
h
0 470 100 300 250 470 225 300 
h
20 450 120 280 270 450 245 280 
h
40 430 140 260 290 430 265 260 
h
60 410 160 240 310 410 285 240 
h
80 390 180 220 330 390 305 220 
h
100 370 200 200 350 370 325 200 
h
120 350 220 180 370 350 345 180 
h
140 330 240 160 390 330 365 160 
h
160 310 260 140 410 310 385 140 
h
180 290 280 120 430 290 405 120 
h
200 270 300 100 450 270 425 100 
h
220 250 320 80 470 250 445 80 
h
240 230 340 60 490 230 465 60 
h
260 210 360 40 510 210 485 40 
h
280 190 380 20 530 190 505 20 
h
300 170 400 0 550 170 525 0 
h
320 150 420 -20 570 150 545 -20 
h
340 130 440 -40 590 130 565 -40 
h
360 110 460 -60 610 110 585 -60 
h
380 90 480 -80 630 90 605 -80 
h
400 70 500 -100 650 70 625 -100 
h
420 50 520 -120 670 50 645 -120 
h
440 30 540 -140 690 30 665 -140 
c
250 250 0 
c
250 250 30 
c
250 250 60 
c
250 250 90 
c
250 250 120 
c
250 250 150 
c
250 250 180 
c
250 250 210 
c
250 250 240 
c
250 250 270 
b
 0 0 341 210 61 356 500 500 
b
 0 0 389 450 171 388 500 500 
b
 0 0 52 222 259 103 500 500 
b
 0 0 207 283 65 479 500 500 
b
 0 0 104 160 257 35 500 500 
b
 0 0 1 95 26 477 500 500 
b
 0 0 308 39 266 145 500 500 
b
 0 0 301 342 147 96 500 500 
b
 0 0 1 51 13 87 500 500 
b
 0 0 436 337 16 94 500 500 
v
g
face.png
