#reader(lib"read.ss""wxme")WXME0108 ## 
#|
   This file uses the GRacket editor format.
   Open this file in DrRacket version 5.1.3 or later to read it.

   Most likely, it was created by saving a program in DrRacket,
   and it probably contains a program with non-text elements
   (such as images or comment boxes).

            http://racket-lang.org/
|#
 28 7 #"wxtext\0"
3 1 6 #"wxtab\0"
1 1 8 #"wximage\0"
2 0 8 #"wxmedia\0"
4 1 34 #"(lib \"syntax-browser.ss\" \"mrlib\")\0"
1 0 16 #"drscheme:number\0"
3 0 44 #"(lib \"number-snip.ss\" \"drscheme\" \"private\")\0"
1 0 36 #"(lib \"comment-snip.ss\" \"framework\")\0"
1 0 43 #"(lib \"collapsed-snipclass.ss\" \"framework\")\0"
0 0 19 #"drscheme:sexp-snip\0"
0 0 36 #"(lib \"cache-image-snip.ss\" \"mrlib\")\0"
1 0 68
(
 #"((lib \"image-core.ss\" \"mrlib\") (lib \"image-core-wxme.rkt\" \"mr"
 #"lib\"))\0"
) 1 0 33 #"(lib \"bullet-snip.ss\" \"browser\")\0"
0 0 29 #"drscheme:bindings-snipclass%\0"
1 0 25 #"(lib \"matrix.ss\" \"htdp\")\0"
1 0 22 #"drscheme:lambda-snip%\0"
1 0 57
#"(lib \"hrule-snip.rkt\" \"macro-debugger\" \"syntax-browser\")\0"
1 0 45 #"(lib \"image-snipr.ss\" \"slideshow\" \"private\")\0"
1 0 26 #"drscheme:pict-value-snip%\0"
0 0 38 #"(lib \"pict-snipclass.ss\" \"slideshow\")\0"
2 0 55 #"(lib \"vertical-separator-snip.ss\" \"stepper\" \"private\")\0"
1 0 18 #"drscheme:xml-snip\0"
1 0 31 #"(lib \"xml-snipclass.ss\" \"xml\")\0"
1 0 21 #"drscheme:scheme-snip\0"
2 0 34 #"(lib \"scheme-snipclass.ss\" \"xml\")\0"
1 0 10 #"text-box%\0"
1 0 32 #"(lib \"text-snipclass.ss\" \"xml\")\0"
1 0 15 #"test-case-box%\0"
2 0 1 6 #"wxloc\0"
          0 0 54 0 1 #"\0"
0 75 1 #"\0"
0 12 90 -1 90 -1 3 -1 0 1 0 1 0 0 0 0 0 0 0 0 0 0 0 255 255 255 1 -1 0 9
#"Standard\0"
0 75 10 #"Monospace\0"
0 12 90 -1 90 -1 3 -1 0 1 0 1 0 0 0 0 0 0 0 0 0 0 0 255 255 255 1 -1 2 1
#"\0"
0 -1 1 #"\0"
1 0 -1 -1 -1 -1 -1 -1 0 0 0 0 0 0 1 1 1 1 1 1 0 0 0 0 0 0 -1 -1 2 24
#"framework:default-color\0"
0 -1 1 #"\0"
1 0 -1 -1 -1 -1 -1 -1 0 0 0 0 0 0 0 0 0 1 1 1 0 0 0 0 0 0 -1 -1 2 1
#"\0"
0 -1 1 #"\0"
1 0 -1 -1 -1 -1 -1 -1 0 0 0 0 0 0 0 0 0 1 1 1 150 0 150 0 0 0 -1 -1 2 15
#"text:ports out\0"
0 -1 1 #"\0"
1 0 -1 -1 -1 -1 -1 -1 0 0 0 0 0 0 0 0 0 1 1 1 150 0 150 0 0 0 -1 -1 2 1
#"\0"
0 -1 1 #"\0"
1.0 0 -1 -1 93 -1 -1 -1 0 0 0 0 0 0 0 0 0 1.0 1.0 1.0 255 0 0 0 0 0 -1
-1 2 15 #"text:ports err\0"
0 -1 1 #"\0"
1.0 0 -1 -1 93 -1 -1 -1 0 0 0 0 0 0 0 0 0 1.0 1.0 1.0 255 0 0 0 0 0 -1
-1 2 1 #"\0"
0 -1 1 #"\0"
1 0 -1 -1 -1 -1 -1 -1 0 0 0 0 0 0 0 0 0 1 1 1 0 0 175 0 0 0 -1 -1 2 17
#"text:ports value\0"
0 -1 1 #"\0"
1 0 -1 -1 -1 -1 -1 -1 0 0 0 0 0 0 0 0 0 1 1 1 0 0 175 0 0 0 -1 -1 2 1
#"\0"
0 -1 1 #"\0"
1.0 0 92 -1 -1 -1 -1 -1 0 0 0 0 0 0 0 0 0 1.0 1.0 1.0 34 139 34 0 0 0 -1
-1 2 27 #"Matching Parenthesis Style\0"
0 -1 1 #"\0"
1.0 0 92 -1 -1 -1 -1 -1 0 0 0 0 0 0 0 0 0 1.0 1.0 1.0 34 139 34 0 0 0 -1
-1 2 1 #"\0"
0 -1 1 #"\0"
1 0 -1 -1 -1 -1 -1 -1 0 0 0 0 0 0 0 0 0 1 1 1 38 38 128 0 0 0 -1 -1 2 37
#"framework:syntax-color:scheme:symbol\0"
0 -1 1 #"\0"
1 0 -1 -1 -1 -1 -1 -1 0 0 0 0 0 0 0 0 0 1 1 1 38 38 128 0 0 0 -1 -1 2 38
#"framework:syntax-color:scheme:keyword\0"
0 -1 1 #"\0"
1 0 -1 -1 -1 -1 -1 -1 0 0 0 0 0 0 0 0 0 1 1 1 38 38 128 0 0 0 -1 -1 2 1
#"\0"
0 -1 1 #"\0"
1 0 -1 -1 -1 -1 -1 -1 0 0 0 0 0 0 0 0 0 1 1 1 194 116 31 0 0 0 -1 -1 2
38 #"framework:syntax-color:scheme:comment\0"
0 -1 1 #"\0"
1 0 -1 -1 -1 -1 -1 -1 0 0 0 0 0 0 0 0 0 1 1 1 194 116 31 0 0 0 -1 -1 2 1
#"\0"
0 -1 1 #"\0"
1 0 -1 -1 -1 -1 -1 -1 0 0 0 0 0 0 0 0 0 1 1 1 41 128 38 0 0 0 -1 -1 2 37
#"framework:syntax-color:scheme:string\0"
0 -1 1 #"\0"
1 0 -1 -1 -1 -1 -1 -1 0 0 0 0 0 0 0 0 0 1 1 1 41 128 38 0 0 0 -1 -1 2 39
#"framework:syntax-color:scheme:constant\0"
0 -1 1 #"\0"
1 0 -1 -1 -1 -1 -1 -1 0 0 0 0 0 0 0 0 0 1 1 1 41 128 38 0 0 0 -1 -1 2 1
#"\0"
0 -1 1 #"\0"
1 0 -1 -1 -1 -1 -1 -1 0 0 0 0 0 0 0 0 0 1 1 1 132 60 36 0 0 0 -1 -1 2 42
#"framework:syntax-color:scheme:parenthesis\0"
0 -1 1 #"\0"
1 0 -1 -1 -1 -1 -1 -1 0 0 0 0 0 0 0 0 0 1 1 1 132 60 36 0 0 0 -1 -1 2 1
#"\0"
0 -1 1 #"\0"
1 0 -1 -1 -1 -1 -1 -1 0 0 0 0 0 0 0 0 0 1 1 1 255 0 0 0 0 0 -1 -1 2 36
#"framework:syntax-color:scheme:error\0"
0 -1 1 #"\0"
1 0 -1 -1 -1 -1 -1 -1 0 0 0 0 0 0 0 0 0 1 1 1 255 0 0 0 0 0 -1 -1 2 1
#"\0"
0 -1 1 #"\0"
1 0 -1 -1 -1 -1 -1 -1 0 0 0 0 0 0 0 0 0 1 1 1 0 0 0 0 0 0 -1 -1 2 36
#"framework:syntax-color:scheme:other\0"
0 -1 1 #"\0"
1 0 -1 -1 -1 -1 -1 -1 0 0 0 0 0 0 0 0 0 1 1 1 0 0 0 0 0 0 -1 -1 2 1
#"\0"
0 -1 1 #"\0"
1 0 -1 -1 -1 -1 -1 -1 0 0 0 0 0 0 0 0 0 1 1 1 81 112 203 0 0 0 -1 -1 2
38 #"drracket:check-syntax:lexically-bound\0"
0 -1 1 #"\0"
1 0 -1 -1 -1 -1 -1 -1 0 0 0 0 0 0 0 0 0 1 1 1 81 112 203 0 0 0 -1 -1 2 1
#"\0"
0 -1 1 #"\0"
1 0 -1 -1 -1 -1 -1 -1 0 0 0 0 0 0 0 0 0 1 1 1 178 34 34 0 0 0 -1 -1 2 28
#"drracket:check-syntax:set!d\0"
0 -1 1 #"\0"
1 0 -1 -1 -1 -1 -1 -1 0 0 0 0 0 0 0 0 0 1 1 1 178 34 34 0 0 0 -1 -1 2 1
#"\0"
0 -1 1 #"\0"
1 0 -1 -1 -1 -1 -1 -1 0 0 0 0 0 0 0 0 0 1 1 1 68 0 203 0 0 0 -1 -1 2 31
#"drracket:check-syntax:imported\0"
0 -1 1 #"\0"
1 0 -1 -1 -1 -1 -1 -1 0 0 0 0 0 0 0 0 0 1 1 1 68 0 203 0 0 0 -1 -1 2 47
#"drracket:check-syntax:my-obligation-style-pref\0"
0 -1 1 #"\0"
1 0 -1 -1 -1 -1 -1 -1 0 0 0 0 0 0 0 0 0 1 1 1 178 34 34 0 0 0 -1 -1 2 1
#"\0"
0 -1 1 #"\0"
1 0 -1 -1 -1 -1 -1 -1 0 0 0 0 0 0 0 0 0 1 1 1 0 116 0 0 0 0 -1 -1 2 50
#"drracket:check-syntax:their-obligation-style-pref\0"
0 -1 1 #"\0"
1 0 -1 -1 -1 -1 -1 -1 0 0 0 0 0 0 0 0 0 1 1 1 0 116 0 0 0 0 -1 -1 2 48
#"drracket:check-syntax:unk-obligation-style-pref\0"
0 -1 1 #"\0"
1 0 -1 -1 -1 -1 -1 -1 0 0 0 0 0 0 0 0 0 1 1 1 0 0 0 0 0 0 -1 -1 2 1
#"\0"
0 -1 1 #"\0"
1 0 -1 -1 -1 -1 -1 -1 0 0 0 0 0 0 0 0 0 1 1 1 139 142 28 0 0 0 -1 -1 2
49 #"drracket:check-syntax:both-obligation-style-pref\0"
0 -1 1 #"\0"
1 0 -1 -1 -1 -1 -1 -1 0 0 0 0 0 0 0 0 0 1 1 1 139 142 28 0 0 0 -1 -1 2
26 #"plt:htdp:test-coverage-on\0"
0 -1 1 #"\0"
1 0 -1 -1 -1 -1 -1 -1 0 0 0 0 0 0 0 0 0 1 1 1 0 0 0 0 0 0 -1 -1 2 1
#"\0"
0 -1 1 #"\0"
1 0 -1 -1 -1 -1 -1 -1 0 0 0 0 0 1 0 0 0 0 0 0 255 165 0 0 0 0 -1 -1 2 27
#"plt:htdp:test-coverage-off\0"
0 -1 1 #"\0"
1 0 -1 -1 -1 -1 -1 -1 0 0 0 0 0 1 0 0 0 0 0 0 255 165 0 0 0 0 -1 -1 4 1
#"\0"
0 70 1 #"\0"
1.0 0 -1 -1 -1 -1 -1 -1 0 0 0 0 0 0 1.0 1.0 1.0 1.0 1.0 1.0 0 0 0 0 0 0
-1 -1 4 4 #"XML\0"
0 70 1 #"\0"
1.0 0 -1 -1 -1 -1 -1 -1 0 0 0 0 0 0 1.0 1.0 1.0 1.0 1.0 1.0 0 0 0 0 0 0
-1 -1 2 1 #"\0"
0 -1 1 #"\0"
1 0 -1 -1 -1 -1 -1 -1 0 0 0 0 0 0 0 0 0 1 1 1 34 139 34 0 0 0 -1 -1 2 37
#"plt:module-language:test-coverage-on\0"
0 -1 1 #"\0"
1 0 -1 -1 -1 -1 -1 -1 0 0 0 0 0 0 0 0 0 1 1 1 34 139 34 0 0 0 -1 -1 2 1
#"\0"
0 -1 1 #"\0"
1 0 -1 -1 -1 -1 -1 -1 0 0 0 0 0 0 0 0 0 1 1 1 176 48 96 0 0 0 -1 -1 2 38
#"plt:module-language:test-coverage-off\0"
0 -1 1 #"\0"
1 0 -1 -1 -1 -1 -1 -1 0 0 0 0 0 0 0 0 0 1 1 1 176 48 96 0 0 0 -1 -1 4 1
#"\0"
0 71 1 #"\0"
1.0 0 -1 -1 -1 -1 -1 -1 0 0 0 0 0 0 1.0 1.0 1.0 1.0 1.0 1.0 0 0 0 0 0 0
-1 -1 4 1 #"\0"
0 -1 1 #"\0"
1.0 0 -1 -1 -1 -1 -1 -1 1 0 0 0 0 0 0 0 0 1.0 1.0 1.0 0 0 255 0 0 0 -1
-1 4 1 #"\0"
0 71 1 #"\0"
1.0 0 -1 -1 -1 -1 -1 -1 1 0 0 0 0 0 0 0 0 1.0 1.0 1.0 0 0 255 0 0 0 -1
-1 4 1 #"\0"
0 71 1 #"\0"
1.0 0 -1 -1 -1 -1 -1 -1 0 0 0 0 0 0 0 0 0 1.0 1.0 1.0 0 100 0 0 0 0 -1
-1 0 1 #"\0"
0 -1 1 #"\0"
0 11 -1 -1 -1 -1 -1 -1 0 0 0 0 0 0 1.0 1.0 1.0 1.0 1.0 1.0 0 0 0 0 0 0
-1 -1 2 1 #"\0"
0 -1 1 #"\0"
0 11 -1 -1 -1 -1 -1 -1 0 0 0 0 0 0 1.0 1.0 1.0 1.0 1.0 1.0 0 0 0 0 0 0
-1 -1           0 755 0 4 29 1 #"\n"
0 0 17 3 62
#";You can COPY/PASTE INTO LAB STARTING HERE ###################"
0 0 4 29 1 #"\n"
0 0 4 29 1 #"\n"
0 0 17 3 89
(
 #";1. In scheme, define a short list of nouns, and a short list of ver"
 #"bs. Examples below:  "
) 0 0 4 29 1 #"\n"
0 0 17 3 2 #";("
0 0 17 3 5 #"SPEND"
0 0 17 3 1 #" "
0 0 17 3 2 #"AT"
0 0 17 3 1 #" "
0 0 17 3 4 #"MOST"
0 0 17 3 1 #" "
0 0 17 3 1 #"2"
0 0 17 3 1 #" "
0 0 17 3 7 #"minutes"
0 0 17 3 1 #" "
0 0 17 3 2 #"on"
0 0 17 3 1 #" "
0 0 17 3 5 #"this)"
0 0 4 29 1 #"\n"
0 0 22 3 1 #"("
0 0 15 3 6 #"define"
0 0 4 3 1 #" "
0 0 14 3 5 #"nouns"
0 0 4 3 1 #" "
0 0 20 3 1 #"'"
0 0 22 3 1 #"("
0 0 4 3 1 #" "
0 0 14 3 5 #"kitty"
0 0 4 3 1 #" "
0 0 14 3 5 #"toast"
0 0 4 3 1 #" "
0 0 14 3 3 #"tea"
0 0 22 3 1 #")"
0 0 4 3 1 #" "
0 0 22 3 1 #")"
0 0 4 29 1 #"\n"
0 0 22 3 1 #"("
0 0 15 3 6 #"define"
0 0 4 3 1 #" "
0 0 14 3 5 #"verbs"
0 0 4 3 1 #" "
0 0 20 3 1 #"'"
0 0 22 3 1 #"("
0 0 4 3 1 #" "
0 0 14 3 4 #"runs"
0 0 4 3 1 #" "
0 0 14 3 5 #"plays"
0 0 4 3 1 #" "
0 0 14 3 6 #"steams"
0 0 22 3 1 #")"
0 0 4 3 1 #" "
0 0 22 3 1 #")"
0 0 4 3 1 #" "
0 0 4 29 1 #"\n"
0 0 4 29 1 #"\n"
0 0 17 3 56 #";2. Lets find a way to choose a random element of a list"
0 0 4 29 1 #"\n"
0 0 17 3 88
(
 #";a. You should be able to write (getNth L n), that returns the n'th "
 #"element from list L,"
) 0 0 4 29 1 #"\n"
0 0 17 3 6 #";where"
0 0 17 3 1 #" "
0 0 17 3 1 #"0"
0 0 17 3 1 #" "
0 0 17 3 2 #"is"
0 0 17 3 1 #" "
0 0 17 3 3 #"the"
0 0 17 3 1 #" "
0 0 17 3 8 #"starting"
0 0 17 3 9 #" element."
0 0 4 29 1 #"\n"
0 0 17 3 42 #";YOU SHOULD HAVE getNth before continuing "
0 0 4 29 1 #"\n"
0 0 4 29 1 #"\n"
0 0 17 3 56 #";Remember: (random x) returns an integer from 0 to x-1. "
0 0 4 29 1 #"\n"
0 0 22 3 1 #"("
0 0 15 3 6 #"define"
0 0 4 3 1 #" "
0 0 22 3 1 #"("
0 0 14 3 17 #"lastelementnumber"
0 0 4 3 1 #" "
0 0 14 3 1 #"x"
0 0 22 3 1 #")"
0 0 4 3 1 #" "
0 0 4 29 1 #"\n"
0 0 4 3 2 #"  "
0 0 22 3 1 #"("
0 0 15 3 4 #"cond"
0 0 4 3 1 #" "
0 0 4 29 1 #"\n"
0 0 4 3 4 #"    "
0 0 22 3 2 #"(("
0 0 14 3 5 #"null?"
0 0 4 3 1 #" "
0 0 14 3 1 #"x"
0 0 22 3 1 #")"
0 0 4 3 1 #" "
0 0 20 3 1 #"0"
0 0 22 3 1 #")"
0 0 4 3 1 #" "
0 0 4 29 1 #"\n"
0 0 4 3 4 #"    "
0 0 22 3 1 #"("
0 0 14 3 4 #"else"
0 0 4 3 1 #" "
0 0 22 3 1 #"("
0 0 14 3 1 #"+"
0 0 4 3 1 #" "
0 0 20 3 1 #"1"
0 0 22 3 1 #"("
0 0 14 3 17 #"lastelementnumber"
0 0 4 3 1 #" "
0 0 22 3 1 #"("
0 0 14 3 3 #"cdr"
0 0 4 3 1 #" "
0 0 14 3 1 #"x"
0 0 22 3 6 #"))))))"
0 0 4 29 1 #"\n"
0 0 22 3 1 #"("
0 0 14 3 17 #"lastelementnumber"
0 0 4 3 1 #" "
0 0 20 3 1 #"'"
0 0 22 3 1 #"("
0 0 20 3 1 #"2"
0 0 4 3 1 #" "
0 0 20 3 1 #"3"
0 0 4 3 1 #" "
0 0 20 3 1 #"5"
0 0 4 3 1 #" "
0 0 20 3 1 #"2"
0 0 4 3 1 #" "
0 0 20 3 1 #"1"
0 0 22 3 2 #"))"
0 0 4 29 1 #"\n"
0 0 22 3 1 #"("
0 0 14 3 17 #"lastelementnumber"
0 0 4 3 1 #" "
0 0 20 3 1 #"'"
0 0 22 3 1 #"("
0 0 20 3 1 #"2"
0 0 4 3 1 #" "
0 0 20 3 1 #"3"
0 0 4 3 1 #" "
0 0 22 3 1 #"("
0 0 20 3 1 #"1"
0 0 4 3 1 #" "
0 0 20 3 1 #"3"
0 0 4 3 1 #" "
0 0 20 3 1 #"1"
0 0 22 3 1 #")"
0 0 4 3 1 #" "
0 0 20 3 1 #"3"
0 0 4 3 1 #" "
0 0 20 3 1 #"4"
0 0 4 3 1 #" "
0 0 20 3 1 #"2"
0 0 4 3 1 #" "
0 0 22 3 1 #"("
0 0 20 3 1 #"1"
0 0 4 3 1 #" "
0 0 20 3 2 #"23"
0 0 4 3 1 #" "
0 0 22 3 1 #"("
0 0 20 3 1 #"1"
0 0 4 3 1 #" "
0 0 20 3 1 #"2"
0 0 22 3 4 #"))))"
0 0 4 29 1 #"\n"
0 0 4 29 1 #"\n"
0 0 22 3 1 #"("
0 0 15 3 6 #"define"
0 0 4 3 1 #" "
0 0 22 3 1 #"("
0 0 14 3 6 #"getnth"
0 0 4 3 1 #" "
0 0 14 3 1 #"L"
0 0 4 3 1 #" "
0 0 14 3 1 #"x"
0 0 22 3 1 #")"
0 0 4 3 1 #" "
0 0 4 29 1 #"\n"
0 0 4 3 2 #"  "
0 0 22 3 1 #"("
0 0 15 3 4 #"cond"
0 0 4 3 1 #" "
0 0 4 29 1 #"\n"
0 0 4 3 4 #"    "
0 0 22 3 2 #"(("
0 0 14 3 1 #"="
0 0 4 3 1 #" "
0 0 14 3 1 #"x"
0 0 4 3 1 #" "
0 0 20 3 1 #"0"
0 0 22 3 1 #")"
0 0 4 3 1 #" "
0 0 22 3 1 #"("
0 0 14 3 3 #"car"
0 0 4 3 1 #" "
0 0 14 3 1 #"L"
0 0 22 3 2 #"))"
0 0 4 3 1 #" "
0 0 4 29 1 #"\n"
0 0 4 3 4 #"    "
0 0 22 3 1 #"("
0 0 14 3 4 #"else"
0 0 4 3 1 #" "
0 0 22 3 1 #"("
0 0 14 3 6 #"getnth"
0 0 4 3 1 #" "
0 0 22 3 1 #"("
0 0 14 3 3 #"cdr"
0 0 4 3 1 #" "
0 0 14 3 1 #"L"
0 0 22 3 1 #")"
0 0 4 3 1 #" "
0 0 22 3 1 #"("
0 0 14 3 1 #"-"
0 0 4 3 1 #" "
0 0 14 3 1 #"x"
0 0 4 3 1 #" "
0 0 20 3 1 #"1"
0 0 22 3 5 #")))))"
0 0 4 29 1 #"\n"
0 0 22 3 1 #"("
0 0 14 3 6 #"getnth"
0 0 4 3 1 #" "
0 0 20 3 1 #"'"
0 0 22 3 1 #"("
0 0 20 3 1 #"2"
0 0 4 3 1 #" "
0 0 20 3 1 #"3"
0 0 4 3 1 #" "
0 0 20 3 2 #"54"
0 0 4 3 1 #" "
0 0 20 3 1 #"2"
0 0 4 3 1 #" "
0 0 20 3 2 #"12"
0 0 22 3 1 #")"
0 0 4 3 1 #" "
0 0 20 3 1 #"4"
0 0 22 3 1 #")"
0 0 4 29 1 #"\n"
0 0 22 3 1 #"("
0 0 14 3 6 #"getnth"
0 0 4 3 1 #" "
0 0 20 3 1 #"'"
0 0 22 3 1 #"("
0 0 20 3 1 #"3"
0 0 4 3 1 #" "
0 0 20 3 1 #"5"
0 0 4 3 1 #" "
0 0 20 3 1 #"3"
0 0 4 3 1 #" "
0 0 20 3 1 #"1"
0 0 4 3 1 #" "
0 0 22 3 1 #"("
0 0 20 3 2 #"32"
0 0 4 3 1 #" "
0 0 20 3 1 #"1"
0 0 4 3 1 #" "
0 0 20 3 1 #"4"
0 0 22 3 2 #"))"
0 0 4 3 1 #" "
0 0 20 3 1 #"2"
0 0 22 3 1 #")"
0 0 4 29 1 #"\n"
0 0 4 29 1 #"\n"
0 0 22 3 1 #"("
0 0 15 3 6 #"define"
0 0 4 3 1 #" "
0 0 22 3 1 #"("
0 0 14 3 6 #"getone"
0 0 4 3 1 #" "
0 0 14 3 1 #"x"
0 0 22 3 1 #")"
0 0 4 3 1 #" "
0 0 4 29 1 #"\n"
0 0 4 3 2 #"  "
0 0 22 3 1 #"("
0 0 14 3 6 #"getnth"
0 0 4 3 1 #" "
0 0 14 3 1 #"x"
0 0 4 3 1 #" "
0 0 22 3 1 #"("
0 0 14 3 6 #"random"
0 0 22 3 1 #"("
0 0 14 3 17 #"lastelementnumber"
0 0 4 3 1 #" "
0 0 14 3 1 #"x"
0 0 22 3 4 #"))))"
0 0 4 29 1 #"\n"
0 0 22 3 1 #"("
0 0 14 3 6 #"getone"
0 0 4 3 1 #" "
0 0 20 3 1 #"'"
0 0 22 3 1 #"("
0 0 20 3 1 #"3"
0 0 4 3 1 #" "
0 0 20 3 1 #"1"
0 0 4 3 1 #" "
0 0 20 3 1 #"4"
0 0 4 3 1 #" "
0 0 20 3 1 #"2"
0 0 4 3 1 #" "
0 0 20 3 1 #"9"
0 0 4 3 1 #" "
0 0 22 3 1 #"("
0 0 20 3 1 #"2"
0 0 4 3 1 #" "
0 0 20 3 1 #"1"
0 0 4 3 1 #" "
0 0 20 3 2 #"89"
0 0 22 3 1 #")"
0 0 4 3 1 #" "
0 0 20 3 1 #"2"
0 0 4 3 1 #" "
0 0 20 3 1 #"1"
0 0 4 3 1 #" "
0 0 20 3 1 #"4"
0 0 4 3 1 #" "
0 0 22 3 1 #"("
0 0 20 3 1 #"2"
0 0 4 3 1 #" "
0 0 20 3 1 #"1"
0 0 4 3 1 #" "
0 0 22 3 1 #"("
0 0 20 3 2 #"12"
0 0 4 3 1 #" "
0 0 20 3 3 #"354"
0 0 22 3 1 #")"
0 0 4 3 1 #" "
0 0 20 3 2 #"32"
0 0 22 3 3 #")))"
0 0 4 29 1 #"\n"
0 0 4 29 1 #"\n"
0 0 17 3 52 #";b. How do you get the number of elements of a list?"
0 0 4 29 1 #"\n"
0 0 17 3 74
(
 #";b. The list is indexed from 0 to what value?  (If a list has 5 elem"
 #"ents, "
) 0 0 4 29 1 #"\n"
0 0 17 3 3 #";it"
0 0 17 3 1 #" "
0 0 17 3 4 #"goes"
0 0 17 3 1 #" "
0 0 17 3 4 #"from"
0 0 17 3 1 #" "
0 0 17 3 1 #"0"
0 0 17 3 1 #" "
0 0 17 3 2 #"to"
0 0 17 3 1 #" "
0 0 17 3 4 #"what"
0 0 17 3 1 #" "
0 0 17 3 7 #"value?)"
0 0 4 29 1 #"\n"
0 0 17 3 76
(
 #";d.  Write a function (getOne L) that returns a random element from "
 #"list L, "
) 0 0 4 29 1 #"\n"
0 0 17 3 7 #";assume"
0 0 17 3 1 #" "
0 0 17 3 1 #"L"
0 0 17 3 1 #" "
0 0 17 3 2 #"is"
0 0 17 3 1 #" "
0 0 17 3 3 #"not"
0 0 17 3 6 #" null."
0 0 17 3 1 #" "
0 0 4 29 1 #"\n"
0 0 17 3 70
(
 #";HINT: Think about the range of numbers you want to get from the lis"
 #"t."
) 0 0 4 29 1 #"\n"
0 0 17 3 4 #";You"
0 0 17 3 1 #" "
0 0 17 3 3 #"can"
0 0 17 3 1 #" "
0 0 17 3 3 #"say"
0 0 17 3 2 #"  "
0 0 17 3 1 #"("
0 0 17 3 6 #"getNth"
0 0 17 3 2 #"  "
0 0 17 3 1 #"L"
0 0 17 3 1 #" "
0 0 17 3 1 #"("
0 0 17 3 6 #"random"
0 0 17 3 1 #" "
0 0 17 3 3 #"???"
0 0 17 3 1 #")"
0 0 17 3 2 #" )"
0 0 17 3 1 #" "
0 0 4 29 1 #"\n"
0 0 17 3 72
(
 #";in order to pick a random element what is the range of values you w"
 #"ant "
) 0 0 4 29 1 #"\n"
0 0 17 3 3 #";to"
0 0 17 3 1 #" "
0 0 17 3 4 #"give"
0 0 17 3 1 #" "
0 0 17 3 7 #"getNth?"
0 0 17 3 1 #" "
0 0 17 3 1 #"("
0 0 17 3 2 #"if"
0 0 17 3 1 #" "
0 0 17 3 3 #"the"
0 0 17 3 1 #" "
0 0 17 3 4 #"list"
0 0 17 3 1 #" "
0 0 17 3 3 #"has"
0 0 17 3 1 #" "
0 0 17 3 1 #"5"
0 0 17 3 1 #" "
0 0 17 3 8 #"elements"
0 0 17 3 1 #","
0 0 17 3 1 #" "
0 0 17 3 4 #"what"
0 0 17 3 1 #" "
0 0 17 3 5 #"range"
0 0 17 3 1 #" "
0 0 17 3 6 #"should"
0 0 17 3 1 #" "
0 0 17 3 3 #"the"
0 0 17 3 1 #" "
0 0 17 3 6 #"getNth"
0 0 17 3 1 #" "
0 0 17 3 4 #"be?)"
0 0 4 29 1 #"\n"
0 0 17 3 73
(
 #";what do you need put in the random command to get that range of val"
 #"ues? "
) 0 0 4 29 1 #"\n"
0 0 17 3 2 #";("
0 0 17 3 2 #"if"
0 0 17 3 1 #" "
0 0 17 3 3 #"you"
0 0 17 3 1 #" "
0 0 17 3 4 #"want"
0 0 17 3 1 #" "
0 0 17 3 2 #"to"
0 0 17 3 1 #" "
0 0 17 3 8 #"generate"
0 0 17 3 1 #" "
0 0 17 3 4 #"0-10"
0 0 17 3 1 #" "
0 0 17 3 4 #"what"
0 0 17 3 1 #" "
0 0 17 3 2 #"do"
0 0 17 3 1 #" "
0 0 17 3 3 #"you"
0 0 17 3 1 #" "
0 0 17 3 4 #"give"
0 0 17 3 1 #" "
0 0 17 3 8 #"random?)"
0 0 4 29 1 #"\n"
0 0 17 3 42 #";YOU SHOULD HAVE getOne before continuing "
0 0 4 29 1 #"\n"
0 0 4 29 1 #"\n"
0 0 17 3 54 #";3a. We want to be able to append two words together, "
0 0 4 29 1 #"\n"
0 0 17 3 3 #";so"
0 0 17 3 1 #" "
0 0 17 3 2 #"we"
0 0 17 3 1 #" "
0 0 17 3 3 #"don"
0 0 17 3 1 #"'"
0 0 17 3 1 #"t"
0 0 17 3 1 #" "
0 0 17 3 4 #"just"
0 0 17 3 1 #" "
0 0 17 3 4 #"want"
0 0 17 3 1 #" "
0 0 17 3 3 #"the"
0 0 17 3 1 #" "
0 0 17 3 4 #"word"
0 0 17 3 1 #" "
0 0 17 3 2 #"we"
0 0 17 3 1 #" "
0 0 17 3 4 #"want"
0 0 17 3 1 #" "
0 0 17 3 3 #"the"
0 0 17 3 1 #" "
0 0 17 3 4 #"word"
0 0 17 3 1 #" "
0 0 17 3 6 #"inside"
0 0 17 3 1 #" "
0 0 17 3 1 #"a"
0 0 17 3 1 #" "
0 0 17 3 5 #"list."
0 0 17 3 1 #" "
0 0 4 29 1 #"\n"
0 0 17 3 5 #";This"
0 0 17 3 1 #" "
0 0 17 3 3 #"can"
0 0 17 3 1 #" "
0 0 17 3 2 #"be"
0 0 17 3 1 #" "
0 0 17 3 12 #"accomplished"
0 0 17 3 1 #" "
0 0 17 3 4 #"with"
0 0 17 3 1 #" "
0 0 17 3 3 #"the"
0 0 17 3 1 #" "
0 0 17 3 4 #"list"
0 0 17 3 1 #" "
0 0 17 3 8 #"command."
0 0 17 3 1 #" "
0 0 4 29 1 #"\n"
0 0 17 3 5 #";Lets"
0 0 17 3 1 #" "
0 0 17 3 4 #"make"
0 0 17 3 1 #" "
0 0 17 3 3 #"two"
0 0 17 3 1 #" "
0 0 17 3 9 #"functions"
0 0 17 3 1 #" "
0 0 17 3 5 #"using"
0 0 17 3 1 #" "
0 0 17 3 6 #"getOne"
0 0 17 3 1 #" "
0 0 17 3 3 #"and"
0 0 17 3 1 #" "
0 0 17 3 3 #"the"
0 0 17 3 1 #" "
0 0 17 3 5 #"lists"
0 0 17 3 1 #" "
0 0 17 3 3 #"you"
0 0 17 3 1 #" "
0 0 17 3 4 #"have"
0 0 17 3 6 #" made:"
0 0 4 29 1 #"\n"
0 0 17 3 48 #";getNoun is a function that takes no parameters,"
0 0 4 29 1 #"\n"
0 0 17 3 5 #";that"
0 0 17 3 1 #" "
0 0 17 3 5 #"gives"
0 0 17 3 1 #" "
0 0 17 3 3 #"you"
0 0 17 3 1 #" "
0 0 17 3 1 #"a"
0 0 17 3 1 #" "
0 0 17 3 6 #"single"
0 0 17 3 1 #" "
0 0 17 3 6 #"random"
0 0 17 3 1 #" "
0 0 17 3 4 #"noun"
0 0 17 3 1 #" "
0 0 17 3 2 #"as"
0 0 17 3 1 #" "
0 0 17 3 1 #"a"
0 0 17 3 6 #" list:"
0 0 17 3 2 #"  "
0 0 4 29 1 #"\n"
0 0 17 3 20 #";(geNoun) -> (kitty)"
0 0 4 29 1 #"\n"
0 0 17 3 20 #";(geNoun) -> (toast)"
0 0 4 29 1 #"\n"
0 0 17 3 52 #";getVerb gives you a single random verb as a list:  "
0 0 4 29 1 #"\n"
0 0 17 3 20 #";(getVerb) -> (runs)"
0 0 4 29 1 #"\n"
0 0 17 3 22 #";(getVerb) -> (steams)"
0 0 4 29 1 #"\n"
0 0 17 3 55 #";YOU SHOULD HAVE getNoun and getVerb before continuing "
0 0 4 29 1 #"\n"
0 0 4 29 1 #"\n"
0 0 17 3 56 #";3b. If you do that then it is trivial to make a simple "
0 0 4 29 1 #"\n"
0 0 17 3 9 #";sentence"
0 0 17 3 1 #" "
0 0 17 3 4 #"that"
0 0 17 3 1 #" "
0 0 17 3 7 #"chooses"
0 0 17 3 1 #" "
0 0 17 3 1 #"a"
0 0 17 3 1 #" "
0 0 17 3 4 #"verb"
0 0 17 3 1 #" "
0 0 17 3 3 #"and"
0 0 17 3 1 #" "
0 0 17 3 1 #"a"
0 0 17 3 1 #" "
0 0 17 3 4 #"noun"
0 0 17 3 1 #" "
0 0 17 3 3 #"and"
0 0 17 3 1 #" "
0 0 17 3 4 #"adds"
0 0 17 3 1 #" "
0 0 17 3 4 #"them"
0 0 17 3 1 #" "
0 0 17 3 2 #"to"
0 0 17 3 1 #" "
0 0 17 3 3 #"the"
0 0 17 3 1 #" "
0 0 17 3 4 #"same"
0 0 17 3 1 #" "
0 0 17 3 5 #"list."
0 0 17 3 1 #" "
0 0 17 3 4 #"This"
0 0 17 3 1 #" "
0 0 17 3 2 #"is"
0 0 17 3 8 #" because"
0 0 17 3 1 #" "
0 0 4 29 1 #"\n"
0 0 17 3 3 #";to"
0 0 17 3 1 #" "
0 0 17 3 4 #"join"
0 0 17 3 1 #" "
0 0 17 3 1 #"("
0 0 17 3 5 #"kitty"
0 0 17 3 1 #")"
0 0 17 3 1 #" "
0 0 17 3 3 #"and"
0 0 17 3 1 #" "
0 0 17 3 1 #"("
0 0 17 3 4 #"runs"
0 0 17 3 1 #")"
0 0 17 3 2 #"  "
0 0 17 3 2 #"we"
0 0 17 3 1 #" "
0 0 17 3 3 #"can"
0 0 17 3 1 #" "
0 0 17 3 4 #"just"
0 0 17 3 1 #" "
0 0 17 3 7 #"append:"
0 0 17 3 4 #"    "
0 0 4 29 1 #"\n"
0 0 22 3 1 #"("
0 0 14 3 6 #"append"
0 0 17 3 1 #" "
0 0 20 3 1 #"'"
0 0 22 3 1 #"("
0 0 14 3 5 #"kitty"
0 0 22 3 1 #")"
0 0 17 3 1 #" "
0 0 20 3 1 #"'"
0 0 22 3 1 #"("
0 0 14 3 4 #"runs"
0 0 22 3 1 #")"
0 0 17 3 1 #" "
0 0 22 3 1 #")"
0 0 17 3 1 #" "
0 0 4 29 1 #"\n"
0 0 4 29 1 #"\n"
0 0 17 3 49 #";Here is the simple sentence generating function:"
0 0 4 29 1 #"\n"
0 0 4 29 1 #"\n"
0 0 22 3 1 #"("
0 0 15 3 6 #"define"
0 0 4 3 1 #" "
0 0 22 3 1 #"("
0 0 14 3 8 #"sentence"
0 0 22 3 1 #")"
0 0 4 3 2 #"  "
0 0 22 3 1 #"("
0 0 14 3 6 #"append"
0 0 4 3 1 #" "
0 0 22 3 1 #"("
0 0 14 3 7 #"getNoun"
0 0 22 3 1 #")"
0 0 4 3 1 #" "
0 0 22 3 1 #"("
0 0 14 3 7 #"getVerb"
0 0 22 3 1 #")"
0 0 4 3 1 #" "
0 0 22 3 2 #"))"
0 0 4 3 1 #" "
0 0 4 29 1 #"\n"
0 0 4 29 1 #"\n"
0 0 17 3 89
(
 #";Every time you run it you should get randomized results depending o"
 #"n your list of words."
) 0 0 4 29 1 #"\n"
0 0 4 29 1 #"\n"
0 0 17 3 29 #";(sentence) -> ( kitty runs )"
0 0 4 29 1 #"\n"
0 0 17 3 30 #";(sentence) -> ( kitty plays )"
0 0 4 29 1 #"\n"
0 0 17 3 31 #";(sentence) -> ( toast steams )"
0 0 4 29 1 #"\n"
0 0 4 29 1 #"\n"
0 0 17 3 28 #";Try testing your generator!"
0 0 4 29 1 #"\n"
0 0 4 29 1 #"\n"
0 0 17 3 59
#";You can COPY/PASTE INTO LAB ENDNG HERE ###################"
0 0 4 29 1 #"\n"
0 0 4 29 1 #"\n"
0 0 17 3 72
(
 #";;;;;;;;;;;;;;;;;;;;;;;;;;;;;;;;;;;;;;;;;;;;;;;;;;;;;;;;;;;;;;;;;;;;"
 #";;;;"
) 0 0 4 29 1 #"\n"
0 0 17 3 21 #";ON YOUR OWN FOR NOW:"
0 0 4 29 1 #"\n"
0 0 17 3 93
(
 #";If you finished up to this point, you can try to make better senten"
 #"ces by replacing getNoun "
) 0 0 4 29 1 #"\n"
0 0 17 3 4 #";and"
0 0 17 3 1 #" "
0 0 17 3 7 #"getVerb"
0 0 17 3 1 #" "
0 0 17 3 4 #"with"
0 0 17 3 1 #" "
0 0 17 3 3 #"new"
0 0 17 3 1 #" "
0 0 17 3 10 #"functions."
0 0 17 3 1 #" "
0 0 17 3 2 #"We"
0 0 17 3 1 #" "
0 0 17 3 3 #"can"
0 0 17 3 1 #" "
0 0 17 3 7 #"replace"
0 0 17 3 1 #" "
0 0 17 3 1 #"a"
0 0 17 3 1 #" "
0 0 17 3 4 #"noun"
0 0 17 3 1 #" "
0 0 17 3 4 #"with"
0 0 17 3 1 #" "
0 0 17 3 1 #"a"
0 0 17 3 1 #" "
0 0 17 3 4 #"noun"
0 0 17 3 1 #" "
0 0 17 3 6 #"phrase"
0 0 17 3 1 #","
0 0 17 3 1 #" "
0 0 17 3 3 #"and"
0 0 17 3 1 #" "
0 0 17 3 7 #"replace"
0 0 17 3 1 #" "
0 0 17 3 1 #"a"
0 0 17 3 1 #" "
0 0 17 3 4 #"verb"
0 0 17 3 1 #" "
0 0 4 29 1 #"\n"
0 0 17 3 5 #";with"
0 0 17 3 1 #" "
0 0 17 3 1 #"a"
0 0 17 3 1 #" "
0 0 17 3 4 #"verb"
0 0 17 3 1 #" "
0 0 17 3 7 #"phrase."
0 0 17 3 1 #" "
0 0 17 3 3 #"You"
0 0 17 3 1 #" "
0 0 17 3 3 #"can"
0 0 17 3 1 #" "
0 0 17 3 10 #"experiment"
0 0 17 3 1 #" "
0 0 17 3 2 #"on"
0 0 17 3 1 #" "
0 0 17 3 4 #"your"
0 0 17 3 1 #" "
0 0 17 3 3 #"own"
0 0 17 3 1 #" "
0 0 17 3 2 #"to"
0 0 17 3 1 #" "
0 0 17 3 2 #"do"
0 0 17 3 1 #" "
0 0 17 3 3 #"so."
0 0 17 3 1 #" "
0 0 17 3 3 #"Try"
0 0 17 3 1 #" "
0 0 17 3 5 #"using"
0 0 17 3 1 #" "
0 0 17 3 10 #"adjectives"
0 0 17 3 1 #" "
0 0 17 3 3 #"and"
0 0 17 3 9 #" adverbs."
0           0
