l
0 0 0 100 0 0
l
100 0 0 100 100 0
l
100 100 0 0 100 0
l
0 100 0 0 0 0
l
0 0 100 100 0 100
l
100 0 100 100 100 100
l
100 100 100 0 100 100
l
0 100 100 0 0 100
l
0 0 0 0 0 100
l
0 100 0 0 100 100
l
100 100 0 100 100 100
l
100 0 0 100 0 100

l
0 0 0 50 50 -50
l
100 0 0 50 50 -50
l
100 100 0 50 50 -50
l
0 100 0 50 50 -50

l
0 0 100 50 50 150
l
100 0 100 50 50 150
l
100 100 100 50 50 150
l
0 100 100 50 50 150

l
0 0 0 -50 50 50
l
0 0 100 -50 50 50
l
0 100 0 -50 50 50
l
0 100 100 -50 50 50

l
100 0 0 150 50 50
l
100 0 100 150 50 50
l
100 100 0 150 50 50
l
100 100 100 150 50 50

l
0 0 0 50 -50 50
l
100 0 0 50 -50 50
l
100 0 100 50 -50 50
l
0 0 100 50 -50 50

l
0 100 0 50 150 50
l
100 100 0 50 150 50
l
100 100 100 50 150 50
l
0 100 100 50 150 50

i
s
1.5 1.5 1.5
t
100 100 0
z
10
x
20
y
30
a
g
example.png