c
128.0 128.0 30.0
c
128.0 192.0 30.0
c
128.0 256.0 30.0
c
128.0 320.0 30.0
c
128.0 384.0 30.0
c
128.0 448.0 30.0
c
128.0 512.0 30.0
c
128.0 576.0 30.0
c
128.0 640.0 30.0
c
128.0 704.0 30.0
c
128.0 768.0 30.0
c
128.0 832.0 30.0
c
128.0 896.0 30.0
c
192.0 128.0 30.0
c
192.0 192.0 30.0
c
192.0 256.0 30.0
c
192.0 320.0 30.0
c
192.0 384.0 30.0
c
192.0 448.0 30.0
c
192.0 512.0 30.0
c
192.0 576.0 30.0
c
192.0 640.0 30.0
c
192.0 704.0 30.0
c
192.0 768.0 30.0
c
192.0 832.0 30.0
c
192.0 896.0 30.0
c
256.0 128.0 30.0
c
256.0 192.0 30.0
c
256.0 256.0 30.0
c
256.0 320.0 30.0
c
256.0 384.0 30.0
c
256.0 448.0 30.0
c
256.0 512.0 30.0
c
256.0 576.0 30.0
c
256.0 640.0 30.0
c
256.0 704.0 30.0
c
256.0 768.0 30.0
c
256.0 832.0 30.0
c
256.0 896.0 30.0
c
320.0 128.0 30.0
c
320.0 192.0 30.0
c
320.0 256.0 30.0
c
320.0 320.0 30.0
c
320.0 384.0 30.0
c
320.0 448.0 30.0
c
320.0 512.0 30.0
c
320.0 576.0 30.0
c
320.0 640.0 30.0
c
320.0 704.0 30.0
c
320.0 768.0 30.0
c
320.0 832.0 30.0
c
320.0 896.0 30.0
c
384.0 128.0 30.0
c
384.0 192.0 30.0
c
384.0 256.0 30.0
c
384.0 320.0 30.0
c
384.0 384.0 30.0
c
384.0 448.0 30.0
c
384.0 512.0 30.0
c
384.0 576.0 30.0
c
384.0 640.0 30.0
c
384.0 704.0 30.0
c
384.0 768.0 30.0
c
384.0 832.0 30.0
c
384.0 896.0 30.0
c
448.0 128.0 30.0
c
448.0 192.0 30.0
c
448.0 256.0 30.0
c
448.0 320.0 30.0
c
448.0 384.0 30.0
c
448.0 448.0 30.0
c
448.0 512.0 30.0
c
448.0 576.0 30.0
c
448.0 640.0 30.0
c
448.0 704.0 30.0
c
448.0 768.0 30.0
c
448.0 832.0 30.0
c
448.0 896.0 30.0
c
512.0 128.0 30.0
c
512.0 192.0 30.0
c
512.0 256.0 30.0
c
512.0 320.0 30.0
c
512.0 384.0 30.0
c
512.0 448.0 30.0
c
512.0 512.0 30.0
c
512.0 576.0 30.0
c
512.0 640.0 30.0
c
512.0 704.0 30.0
c
512.0 768.0 30.0
c
512.0 832.0 30.0
c
512.0 896.0 30.0
c
576.0 128.0 30.0
c
576.0 192.0 30.0
c
576.0 256.0 30.0
c
576.0 320.0 30.0
c
576.0 384.0 30.0
c
576.0 448.0 30.0
c
576.0 512.0 30.0
c
576.0 576.0 30.0
c
576.0 640.0 30.0
c
576.0 704.0 30.0
c
576.0 768.0 30.0
c
576.0 832.0 30.0
c
576.0 896.0 30.0
c
640.0 128.0 30.0
c
640.0 192.0 30.0
c
640.0 256.0 30.0
c
640.0 320.0 30.0
c
640.0 384.0 30.0
c
640.0 448.0 30.0
c
640.0 512.0 30.0
c
640.0 576.0 30.0
c
640.0 640.0 30.0
c
640.0 704.0 30.0
c
640.0 768.0 30.0
c
640.0 832.0 30.0
c
640.0 896.0 30.0
c
704.0 128.0 30.0
c
704.0 192.0 30.0
c
704.0 256.0 30.0
c
704.0 320.0 30.0
c
704.0 384.0 30.0
c
704.0 448.0 30.0
c
704.0 512.0 30.0
c
704.0 576.0 30.0
c
704.0 640.0 30.0
c
704.0 704.0 30.0
c
704.0 768.0 30.0
c
704.0 832.0 30.0
c
704.0 896.0 30.0
c
768.0 128.0 30.0
c
768.0 192.0 30.0
c
768.0 256.0 30.0
c
768.0 320.0 30.0
c
768.0 384.0 30.0
c
768.0 448.0 30.0
c
768.0 512.0 30.0
c
768.0 576.0 30.0
c
768.0 640.0 30.0
c
768.0 704.0 30.0
c
768.0 768.0 30.0
c
768.0 832.0 30.0
c
768.0 896.0 30.0
c
832.0 128.0 30.0
c
832.0 192.0 30.0
c
832.0 256.0 30.0
c
832.0 320.0 30.0
c
832.0 384.0 30.0
c
832.0 448.0 30.0
c
832.0 512.0 30.0
c
832.0 576.0 30.0
c
832.0 640.0 30.0
c
832.0 704.0 30.0
c
832.0 768.0 30.0
c
832.0 832.0 30.0
c
832.0 896.0 30.0
c
896.0 128.0 30.0
c
896.0 192.0 30.0
c
896.0 256.0 30.0
c
896.0 320.0 30.0
c
896.0 384.0 30.0
c
896.0 448.0 30.0
c
896.0 512.0 30.0
c
896.0 576.0 30.0
c
896.0 640.0 30.0
c
896.0 704.0 30.0
c
896.0 768.0 30.0
c
896.0 832.0 30.0
c
896.0 896.0 30.0
h
64.0 960.0 50.0 50.0 960.0 64.0 50.0 50.0
h
64.0 832.0 50.0 50.0 960.0 192.0 50.0 50.0
h
64.0 704.0 50.0 50.0 960.0 320.0 50.0 50.0
h
64.0 576.0 50.0 50.0 960.0 448.0 50.0 50.0
h
64.0 448.0 50.0 50.0 960.0 576.0 50.0 50.0
h
64.0 320.0 50.0 50.0 960.0 704.0 50.0 50.0
h
64.0 192.0 50.0 50.0 960.0 832.0 50.0 50.0
h
64.0 64.0 50.0 50.0 960.0 960.0 50.0 50.0
h
192.0 960.0 50.0 50.0 832.0 64.0 50.0 50.0
h
192.0 832.0 50.0 50.0 832.0 192.0 50.0 50.0
h
192.0 704.0 50.0 50.0 832.0 320.0 50.0 50.0
h
192.0 576.0 50.0 50.0 832.0 448.0 50.0 50.0
h
192.0 448.0 50.0 50.0 832.0 576.0 50.0 50.0
h
192.0 320.0 50.0 50.0 832.0 704.0 50.0 50.0
h
192.0 192.0 50.0 50.0 832.0 832.0 50.0 50.0
h
192.0 64.0 50.0 50.0 832.0 960.0 50.0 50.0
h
320.0 960.0 50.0 50.0 704.0 64.0 50.0 50.0
h
320.0 832.0 50.0 50.0 704.0 192.0 50.0 50.0
h
320.0 704.0 50.0 50.0 704.0 320.0 50.0 50.0
h
320.0 576.0 50.0 50.0 704.0 448.0 50.0 50.0
h
320.0 448.0 50.0 50.0 704.0 576.0 50.0 50.0
h
320.0 320.0 50.0 50.0 704.0 704.0 50.0 50.0
h
320.0 192.0 50.0 50.0 704.0 832.0 50.0 50.0
h
320.0 64.0 50.0 50.0 704.0 960.0 50.0 50.0
h
448.0 960.0 50.0 50.0 576.0 64.0 50.0 50.0
h
448.0 832.0 50.0 50.0 576.0 192.0 50.0 50.0
h
448.0 704.0 50.0 50.0 576.0 320.0 50.0 50.0
h
448.0 576.0 50.0 50.0 576.0 448.0 50.0 50.0
h
448.0 448.0 50.0 50.0 576.0 576.0 50.0 50.0
h
448.0 320.0 50.0 50.0 576.0 704.0 50.0 50.0
h
448.0 192.0 50.0 50.0 576.0 832.0 50.0 50.0
h
448.0 64.0 50.0 50.0 576.0 960.0 50.0 50.0
h
576.0 960.0 50.0 50.0 448.0 64.0 50.0 50.0
h
576.0 832.0 50.0 50.0 448.0 192.0 50.0 50.0
h
576.0 704.0 50.0 50.0 448.0 320.0 50.0 50.0
h
576.0 576.0 50.0 50.0 448.0 448.0 50.0 50.0
h
576.0 448.0 50.0 50.0 448.0 576.0 50.0 50.0
h
576.0 320.0 50.0 50.0 448.0 704.0 50.0 50.0
h
576.0 192.0 50.0 50.0 448.0 832.0 50.0 50.0
h
576.0 64.0 50.0 50.0 448.0 960.0 50.0 50.0
h
704.0 960.0 50.0 50.0 320.0 64.0 50.0 50.0
h
704.0 832.0 50.0 50.0 320.0 192.0 50.0 50.0
h
704.0 704.0 50.0 50.0 320.0 320.0 50.0 50.0
h
704.0 576.0 50.0 50.0 320.0 448.0 50.0 50.0
h
704.0 448.0 50.0 50.0 320.0 576.0 50.0 50.0
h
704.0 320.0 50.0 50.0 320.0 704.0 50.0 50.0
h
704.0 192.0 50.0 50.0 320.0 832.0 50.0 50.0
h
704.0 64.0 50.0 50.0 320.0 960.0 50.0 50.0
h
832.0 960.0 50.0 50.0 192.0 64.0 50.0 50.0
h
832.0 832.0 50.0 50.0 192.0 192.0 50.0 50.0
h
832.0 704.0 50.0 50.0 192.0 320.0 50.0 50.0
h
832.0 576.0 50.0 50.0 192.0 448.0 50.0 50.0
h
832.0 448.0 50.0 50.0 192.0 576.0 50.0 50.0
h
832.0 320.0 50.0 50.0 192.0 704.0 50.0 50.0
h
832.0 192.0 50.0 50.0 192.0 832.0 50.0 50.0
h
832.0 64.0 50.0 50.0 192.0 960.0 50.0 50.0
h
960.0 960.0 50.0 50.0 64.0 64.0 50.0 50.0
h
960.0 832.0 50.0 50.0 64.0 192.0 50.0 50.0
h
960.0 704.0 50.0 50.0 64.0 320.0 50.0 50.0
h
960.0 576.0 50.0 50.0 64.0 448.0 50.0 50.0
h
960.0 448.0 50.0 50.0 64.0 576.0 50.0 50.0
h
960.0 320.0 50.0 50.0 64.0 704.0 50.0 50.0
h
960.0 192.0 50.0 50.0 64.0 832.0 50.0 50.0
h
960.0 64.0 50.0 50.0 64.0 960.0 50.0 50.0
b
64.0 960.0 96.0 100.0 100.0 96.0 960.0 64.0
b
64.0 832.0 96.0 224.0 100.0 364.0 960.0 192.0
b
64.0 704.0 96.0 116.0 100.0 400.0 960.0 320.0
b
64.0 576.0 96.0 276.0 100.0 204.0 960.0 448.0
b
64.0 448.0 96.0 204.0 100.0 276.0 960.0 576.0
b
64.0 320.0 96.0 400.0 100.0 116.0 960.0 704.0
b
64.0 192.0 96.0 364.0 100.0 224.0 960.0 832.0
b
64.0 64.0 96.0 96.0 100.0 100.0 960.0 960.0
b
128.0 960.0 384.0 100.0 316.0 96.0 896.0 64.0
b
128.0 832.0 384.0 224.0 316.0 364.0 896.0 192.0
b
128.0 704.0 384.0 116.0 316.0 400.0 896.0 320.0
b
128.0 576.0 384.0 276.0 316.0 204.0 896.0 448.0
b
128.0 448.0 384.0 204.0 316.0 276.0 896.0 576.0
b
128.0 320.0 384.0 400.0 316.0 116.0 896.0 704.0
b
128.0 192.0 384.0 364.0 316.0 224.0 896.0 832.0
b
128.0 64.0 384.0 96.0 316.0 100.0 896.0 960.0
b
192.0 960.0 364.0 100.0 224.0 96.0 832.0 64.0
b
192.0 832.0 364.0 224.0 224.0 364.0 832.0 192.0
b
192.0 704.0 364.0 116.0 224.0 400.0 832.0 320.0
b
192.0 576.0 364.0 276.0 224.0 204.0 832.0 448.0
b
192.0 448.0 364.0 204.0 224.0 276.0 832.0 576.0
b
192.0 320.0 364.0 400.0 224.0 116.0 832.0 704.0
b
192.0 192.0 364.0 364.0 224.0 224.0 832.0 832.0
b
192.0 64.0 364.0 96.0 224.0 100.0 832.0 960.0
b
256.0 960.0 36.0 100.0 324.0 96.0 768.0 64.0
b
256.0 832.0 36.0 224.0 324.0 364.0 768.0 192.0
b
256.0 704.0 36.0 116.0 324.0 400.0 768.0 320.0
b
256.0 576.0 36.0 276.0 324.0 204.0 768.0 448.0
b
256.0 448.0 36.0 204.0 324.0 276.0 768.0 576.0
b
256.0 320.0 36.0 400.0 324.0 116.0 768.0 704.0
b
256.0 192.0 36.0 364.0 324.0 224.0 768.0 832.0
b
256.0 64.0 36.0 96.0 324.0 100.0 768.0 960.0
b
320.0 960.0 400.0 100.0 116.0 96.0 704.0 64.0
b
320.0 832.0 400.0 224.0 116.0 364.0 704.0 192.0
b
320.0 704.0 400.0 116.0 116.0 400.0 704.0 320.0
b
320.0 576.0 400.0 276.0 116.0 204.0 704.0 448.0
b
320.0 448.0 400.0 204.0 116.0 276.0 704.0 576.0
b
320.0 320.0 400.0 400.0 116.0 116.0 704.0 704.0
b
320.0 192.0 400.0 364.0 116.0 224.0 704.0 832.0
b
320.0 64.0 400.0 96.0 116.0 100.0 704.0 960.0
b
384.0 960.0 456.0 100.0 100.0 96.0 640.0 64.0
b
384.0 832.0 456.0 224.0 100.0 364.0 640.0 192.0
b
384.0 704.0 456.0 116.0 100.0 400.0 640.0 320.0
b
384.0 576.0 456.0 276.0 100.0 204.0 640.0 448.0
b
384.0 448.0 456.0 204.0 100.0 276.0 640.0 576.0
b
384.0 320.0 456.0 400.0 100.0 116.0 640.0 704.0
b
384.0 192.0 456.0 364.0 100.0 224.0 640.0 832.0
b
384.0 64.0 456.0 96.0 100.0 100.0 640.0 960.0
b
448.0 960.0 204.0 100.0 276.0 96.0 576.0 64.0
b
448.0 832.0 204.0 224.0 276.0 364.0 576.0 192.0
b
448.0 704.0 204.0 116.0 276.0 400.0 576.0 320.0
b
448.0 576.0 204.0 276.0 276.0 204.0 576.0 448.0
b
448.0 448.0 204.0 204.0 276.0 276.0 576.0 576.0
b
448.0 320.0 204.0 400.0 276.0 116.0 576.0 704.0
b
448.0 192.0 204.0 364.0 276.0 224.0 576.0 832.0
b
448.0 64.0 204.0 96.0 276.0 100.0 576.0 960.0
b
512.0 960.0 144.0 100.0 144.0 96.0 512.0 64.0
b
512.0 832.0 144.0 224.0 144.0 364.0 512.0 192.0
b
512.0 704.0 144.0 116.0 144.0 400.0 512.0 320.0
b
512.0 576.0 144.0 276.0 144.0 204.0 512.0 448.0
b
512.0 448.0 144.0 204.0 144.0 276.0 512.0 576.0
b
512.0 320.0 144.0 400.0 144.0 116.0 512.0 704.0
b
512.0 192.0 144.0 364.0 144.0 224.0 512.0 832.0
b
512.0 64.0 144.0 96.0 144.0 100.0 512.0 960.0
b
576.0 960.0 276.0 100.0 204.0 96.0 448.0 64.0
b
576.0 832.0 276.0 224.0 204.0 364.0 448.0 192.0
b
576.0 704.0 276.0 116.0 204.0 400.0 448.0 320.0
b
576.0 576.0 276.0 276.0 204.0 204.0 448.0 448.0
b
576.0 448.0 276.0 204.0 204.0 276.0 448.0 576.0
b
576.0 320.0 276.0 400.0 204.0 116.0 448.0 704.0
b
576.0 192.0 276.0 364.0 204.0 224.0 448.0 832.0
b
576.0 64.0 276.0 96.0 204.0 100.0 448.0 960.0
b
640.0 960.0 100.0 100.0 456.0 96.0 384.0 64.0
b
640.0 832.0 100.0 224.0 456.0 364.0 384.0 192.0
b
640.0 704.0 100.0 116.0 456.0 400.0 384.0 320.0
b
640.0 576.0 100.0 276.0 456.0 204.0 384.0 448.0
b
640.0 448.0 100.0 204.0 456.0 276.0 384.0 576.0
b
640.0 320.0 100.0 400.0 456.0 116.0 384.0 704.0
b
640.0 192.0 100.0 364.0 456.0 224.0 384.0 832.0
b
640.0 64.0 100.0 96.0 456.0 100.0 384.0 960.0
b
704.0 960.0 116.0 100.0 400.0 96.0 320.0 64.0
b
704.0 832.0 116.0 224.0 400.0 364.0 320.0 192.0
b
704.0 704.0 116.0 116.0 400.0 400.0 320.0 320.0
b
704.0 576.0 116.0 276.0 400.0 204.0 320.0 448.0
b
704.0 448.0 116.0 204.0 400.0 276.0 320.0 576.0
b
704.0 320.0 116.0 400.0 400.0 116.0 320.0 704.0
b
704.0 192.0 116.0 364.0 400.0 224.0 320.0 832.0
b
704.0 64.0 116.0 96.0 400.0 100.0 320.0 960.0
b
768.0 960.0 324.0 100.0 36.0 96.0 256.0 64.0
b
768.0 832.0 324.0 224.0 36.0 364.0 256.0 192.0
b
768.0 704.0 324.0 116.0 36.0 400.0 256.0 320.0
b
768.0 576.0 324.0 276.0 36.0 204.0 256.0 448.0
b
768.0 448.0 324.0 204.0 36.0 276.0 256.0 576.0
b
768.0 320.0 324.0 400.0 36.0 116.0 256.0 704.0
b
768.0 192.0 324.0 364.0 36.0 224.0 256.0 832.0
b
768.0 64.0 324.0 96.0 36.0 100.0 256.0 960.0
b
832.0 960.0 224.0 100.0 364.0 96.0 192.0 64.0
b
832.0 832.0 224.0 224.0 364.0 364.0 192.0 192.0
b
832.0 704.0 224.0 116.0 364.0 400.0 192.0 320.0
b
832.0 576.0 224.0 276.0 364.0 204.0 192.0 448.0
b
832.0 448.0 224.0 204.0 364.0 276.0 192.0 576.0
b
832.0 320.0 224.0 400.0 364.0 116.0 192.0 704.0
b
832.0 192.0 224.0 364.0 364.0 224.0 192.0 832.0
b
832.0 64.0 224.0 96.0 364.0 100.0 192.0 960.0
b
896.0 960.0 316.0 100.0 384.0 96.0 128.0 64.0
b
896.0 832.0 316.0 224.0 384.0 364.0 128.0 192.0
b
896.0 704.0 316.0 116.0 384.0 400.0 128.0 320.0
b
896.0 576.0 316.0 276.0 384.0 204.0 128.0 448.0
b
896.0 448.0 316.0 204.0 384.0 276.0 128.0 576.0
b
896.0 320.0 316.0 400.0 384.0 116.0 128.0 704.0
b
896.0 192.0 316.0 364.0 384.0 224.0 128.0 832.0
b
896.0 64.0 316.0 96.0 384.0 100.0 128.0 960.0
b
960.0 960.0 100.0 100.0 96.0 96.0 64.0 64.0
b
960.0 832.0 100.0 224.0 96.0 364.0 64.0 192.0
b
960.0 704.0 100.0 116.0 96.0 400.0 64.0 320.0
b
960.0 576.0 100.0 276.0 96.0 204.0 64.0 448.0
b
960.0 448.0 100.0 204.0 96.0 276.0 64.0 576.0
b
960.0 320.0 100.0 400.0 96.0 116.0 64.0 704.0
b
960.0 192.0 100.0 364.0 96.0 224.0 64.0 832.0
b
960.0 64.0 100.0 96.0 96.0 100.0 64.0 960.0
b
64.0 64.0 16.0 16.0 0.0 0.0 960.0 960.0
b
64.0 128.0 16.0 24.0 0.0 16.0 960.0 896.0
b
64.0 192.0 16.0 24.0 0.0 24.0 960.0 832.0
b
64.0 256.0 16.0 16.0 0.0 24.0 960.0 768.0
b
64.0 320.0 16.0 0.0 0.0 16.0 960.0 704.0
b
64.0 384.0 16.0 16.0 0.0 0.0 960.0 640.0
b
64.0 448.0 16.0 24.0 0.0 16.0 960.0 576.0
b
64.0 512.0 16.0 24.0 0.0 24.0 960.0 512.0
b
64.0 576.0 16.0 16.0 0.0 24.0 960.0 448.0
b
64.0 640.0 16.0 0.0 0.0 16.0 960.0 384.0
b
64.0 704.0 16.0 16.0 0.0 0.0 960.0 320.0
b
64.0 768.0 16.0 24.0 0.0 16.0 960.0 256.0
b
64.0 832.0 16.0 24.0 0.0 24.0 960.0 192.0
b
64.0 896.0 16.0 16.0 0.0 24.0 960.0 128.0
b
64.0 960.0 16.0 0.0 0.0 16.0 960.0 64.0
b
192.0 64.0 24.0 16.0 24.0 0.0 832.0 960.0
b
192.0 128.0 24.0 24.0 24.0 16.0 832.0 896.0
b
192.0 192.0 24.0 24.0 24.0 24.0 832.0 832.0
b
192.0 256.0 24.0 16.0 24.0 24.0 832.0 768.0
b
192.0 320.0 24.0 0.0 24.0 16.0 832.0 704.0
b
192.0 384.0 24.0 16.0 24.0 0.0 832.0 640.0
b
192.0 448.0 24.0 24.0 24.0 16.0 832.0 576.0
b
192.0 512.0 24.0 24.0 24.0 24.0 832.0 512.0
b
192.0 576.0 24.0 16.0 24.0 24.0 832.0 448.0
b
192.0 640.0 24.0 0.0 24.0 16.0 832.0 384.0
b
192.0 704.0 24.0 16.0 24.0 0.0 832.0 320.0
b
192.0 768.0 24.0 24.0 24.0 16.0 832.0 256.0
b
192.0 832.0 24.0 24.0 24.0 24.0 832.0 192.0
b
192.0 896.0 24.0 16.0 24.0 24.0 832.0 128.0
b
192.0 960.0 24.0 0.0 24.0 16.0 832.0 64.0
b
320.0 64.0 0.0 16.0 16.0 0.0 704.0 960.0
b
320.0 128.0 0.0 24.0 16.0 16.0 704.0 896.0
b
320.0 192.0 0.0 24.0 16.0 24.0 704.0 832.0
b
320.0 256.0 0.0 16.0 16.0 24.0 704.0 768.0
b
320.0 320.0 0.0 0.0 16.0 16.0 704.0 704.0
b
320.0 384.0 0.0 16.0 16.0 0.0 704.0 640.0
b
320.0 448.0 0.0 24.0 16.0 16.0 704.0 576.0
b
320.0 512.0 0.0 24.0 16.0 24.0 704.0 512.0
b
320.0 576.0 0.0 16.0 16.0 24.0 704.0 448.0
b
320.0 640.0 0.0 0.0 16.0 16.0 704.0 384.0
b
320.0 704.0 0.0 16.0 16.0 0.0 704.0 320.0
b
320.0 768.0 0.0 24.0 16.0 16.0 704.0 256.0
b
320.0 832.0 0.0 24.0 16.0 24.0 704.0 192.0
b
320.0 896.0 0.0 16.0 16.0 24.0 704.0 128.0
b
320.0 960.0 0.0 0.0 16.0 16.0 704.0 64.0
b
448.0 64.0 24.0 16.0 16.0 0.0 576.0 960.0
b
448.0 128.0 24.0 24.0 16.0 16.0 576.0 896.0
b
448.0 192.0 24.0 24.0 16.0 24.0 576.0 832.0
b
448.0 256.0 24.0 16.0 16.0 24.0 576.0 768.0
b
448.0 320.0 24.0 0.0 16.0 16.0 576.0 704.0
b
448.0 384.0 24.0 16.0 16.0 0.0 576.0 640.0
b
448.0 448.0 24.0 24.0 16.0 16.0 576.0 576.0
b
448.0 512.0 24.0 24.0 16.0 24.0 576.0 512.0
b
448.0 576.0 24.0 16.0 16.0 24.0 576.0 448.0
b
448.0 640.0 24.0 0.0 16.0 16.0 576.0 384.0
b
448.0 704.0 24.0 16.0 16.0 0.0 576.0 320.0
b
448.0 768.0 24.0 24.0 16.0 16.0 576.0 256.0
b
448.0 832.0 24.0 24.0 16.0 24.0 576.0 192.0
b
448.0 896.0 24.0 16.0 16.0 24.0 576.0 128.0
b
448.0 960.0 24.0 0.0 16.0 16.0 576.0 64.0
b
576.0 64.0 16.0 16.0 24.0 0.0 448.0 960.0
b
576.0 128.0 16.0 24.0 24.0 16.0 448.0 896.0
b
576.0 192.0 16.0 24.0 24.0 24.0 448.0 832.0
b
576.0 256.0 16.0 16.0 24.0 24.0 448.0 768.0
b
576.0 320.0 16.0 0.0 24.0 16.0 448.0 704.0
b
576.0 384.0 16.0 16.0 24.0 0.0 448.0 640.0
b
576.0 448.0 16.0 24.0 24.0 16.0 448.0 576.0
b
576.0 512.0 16.0 24.0 24.0 24.0 448.0 512.0
b
576.0 576.0 16.0 16.0 24.0 24.0 448.0 448.0
b
576.0 640.0 16.0 0.0 24.0 16.0 448.0 384.0
b
576.0 704.0 16.0 16.0 24.0 0.0 448.0 320.0
b
576.0 768.0 16.0 24.0 24.0 16.0 448.0 256.0
b
576.0 832.0 16.0 24.0 24.0 24.0 448.0 192.0
b
576.0 896.0 16.0 16.0 24.0 24.0 448.0 128.0
b
576.0 960.0 16.0 0.0 24.0 16.0 448.0 64.0
b
704.0 64.0 16.0 16.0 0.0 0.0 320.0 960.0
b
704.0 128.0 16.0 24.0 0.0 16.0 320.0 896.0
b
704.0 192.0 16.0 24.0 0.0 24.0 320.0 832.0
b
704.0 256.0 16.0 16.0 0.0 24.0 320.0 768.0
b
704.0 320.0 16.0 0.0 0.0 16.0 320.0 704.0
b
704.0 384.0 16.0 16.0 0.0 0.0 320.0 640.0
b
704.0 448.0 16.0 24.0 0.0 16.0 320.0 576.0
b
704.0 512.0 16.0 24.0 0.0 24.0 320.0 512.0
b
704.0 576.0 16.0 16.0 0.0 24.0 320.0 448.0
b
704.0 640.0 16.0 0.0 0.0 16.0 320.0 384.0
b
704.0 704.0 16.0 16.0 0.0 0.0 320.0 320.0
b
704.0 768.0 16.0 24.0 0.0 16.0 320.0 256.0
b
704.0 832.0 16.0 24.0 0.0 24.0 320.0 192.0
b
704.0 896.0 16.0 16.0 0.0 24.0 320.0 128.0
b
704.0 960.0 16.0 0.0 0.0 16.0 320.0 64.0
b
832.0 64.0 24.0 16.0 24.0 0.0 192.0 960.0
b
832.0 128.0 24.0 24.0 24.0 16.0 192.0 896.0
b
832.0 192.0 24.0 24.0 24.0 24.0 192.0 832.0
b
832.0 256.0 24.0 16.0 24.0 24.0 192.0 768.0
b
832.0 320.0 24.0 0.0 24.0 16.0 192.0 704.0
b
832.0 384.0 24.0 16.0 24.0 0.0 192.0 640.0
b
832.0 448.0 24.0 24.0 24.0 16.0 192.0 576.0
b
832.0 512.0 24.0 24.0 24.0 24.0 192.0 512.0
b
832.0 576.0 24.0 16.0 24.0 24.0 192.0 448.0
b
832.0 640.0 24.0 0.0 24.0 16.0 192.0 384.0
b
832.0 704.0 24.0 16.0 24.0 0.0 192.0 320.0
b
832.0 768.0 24.0 24.0 24.0 16.0 192.0 256.0
b
832.0 832.0 24.0 24.0 24.0 24.0 192.0 192.0
b
832.0 896.0 24.0 16.0 24.0 24.0 192.0 128.0
b
832.0 960.0 24.0 0.0 24.0 16.0 192.0 64.0
b
960.0 64.0 0.0 16.0 16.0 0.0 64.0 960.0
b
960.0 128.0 0.0 24.0 16.0 16.0 64.0 896.0
b
960.0 192.0 0.0 24.0 16.0 24.0 64.0 832.0
b
960.0 256.0 0.0 16.0 16.0 24.0 64.0 768.0
b
960.0 320.0 0.0 0.0 16.0 16.0 64.0 704.0
b
960.0 384.0 0.0 16.0 16.0 0.0 64.0 640.0
b
960.0 448.0 0.0 24.0 16.0 16.0 64.0 576.0
b
960.0 512.0 0.0 24.0 16.0 24.0 64.0 512.0
b
960.0 576.0 0.0 16.0 16.0 24.0 64.0 448.0
b
960.0 640.0 0.0 0.0 16.0 16.0 64.0 384.0
b
960.0 704.0 0.0 16.0 16.0 0.0 64.0 320.0
b
960.0 768.0 0.0 24.0 16.0 16.0 64.0 256.0
b
960.0 832.0 0.0 24.0 16.0 24.0 64.0 192.0
b
960.0 896.0 0.0 16.0 16.0 24.0 64.0 128.0
b
960.0 960.0 0.0 0.0 16.0 16.0 64.0 64.0
g
drawing.png
q