l
0 100 0 0 0 0
l
0 0 100 100 0 100
l
100 0 100 100 100 100
l
100 100 100 0 100 100
l
0 100 100 0 0 100
l
0 0 0 0 0 100
l
0 100 0 0 100 100
l
100 100 0 100 100 100
l
100 0 0 100 0 100
l
100 100 0 100 0 0
l
0 100 0 100 100 0
l
0 0 0 100 0 0
l
100 100 0 100 0 0
l
100 0 100 200 0 100
l
200 0 100 200 100 100
l
200 100 100 100 100 100
l
100 100 100 100 0 100
l
100 0 0 100 0 100
l
100 100 0 100 100 100
l
200 100 0 200 100 100
l
200 0 0 200 0 100
l
200 100 0 200 0 0
l
100 100 0 200 100 0
l
100 0 0 200 0 0
v
i
z
20
x
20
y
-20
a
v
i
y
-20
a
v
g
pic.png