c
250 250 20
c
250 250 40
c
250 250 60
c
250 250 80
c
250 250 100
c
250 250 120
c
250 250 140
c
250 250 160
c
250 250 180
h
250 250 286.441522445 460.171349097 250 250 444.617803904 316.09802321
h
250 250 75.8928500981 358.003728205 250 250 403.248011629 107.444140182
h
250 250 222.915194225 255.847943605 250 250 493.806819409 227.324933396
h
250 250 223.09671102 342.500792734 250 250 102.441205309 398.497555509
b
150 150 264.348027058 254.790649489 150 150 317.129193549 84.9012050938
b
150 150 109.65777171 313.638776946 150 150 174.793069107 159.834803433
b
150 150 65.5204640288 427.586392461 150 150 498.652890995 63.6284251665
b
150 150 429.807735097 115.166182738 150 150 438.268757542 368.182809761
v
g
pic.png