l
0 0 0 100 0 0
l
100 0 0 100 100 0
l
100 100 0 0 100 0
l
0 100 0 0 0 0
l
0 0 100 100 0 100
l
100 0 100 100 100 100
l
100 100 100 0 100 100
l
0 100 100 0 0 100
l
0 0 0 0 0 100
l
0 100 0 0 100 100
l
100 100 0 100 100 100
l
100 0 0 100 0 100
i
t
100 100 100
a
l
0 0 0 300 0 0
l
300 0 0 300 300 0
l
300 300 0 0 300 0
l
0 300 0 0 0 0
l
0 0 300 300 0 300
l
300 0 300 300 300 300
l
300 300 300 0 300 300
l
0 300 300 0 0 300
l
0 0 0 0 0 300
l
0 300 0 0 300 300
l
300 300 0 300 300 300
l
300 0 0 300 0 300
l
0 0 0 100 100 100
l
0 0 300 100 100 200
l
0 0 0 100 100 100
l
0 300 0 100 200 100
l
300 300 0 200 200 100
l
300 0 0 200 100 100
l
0 0 300 100 100 200
l
0 300 300 100 200 200
l
300 300 300 200 200 200
l
300 0 300 200 100 200
v
i
t 
100 100 100
a
v
i
t
-250 -250 -250
x
-15
y
-15
z
-15
t
250 250 250
a
v
g
pic.png