c
250 -20 0
c
250 -6 7
c
250 8 14
c
250 22 21
c
250 36 28
c
250 50 35
c
250 64 42
c
250 78 49
c
250 92 56
c
250 106 63
c
250 120 70
c
250 134 77
c
250 148 84
c
250 162 91
c
250 176 98
c
250 190 105
c
250 204 112
c
250 218 119
c
250 232 126
c
250 246 133
c
250 260 140
c
250 274 147
c
250 288 154
c
250 302 161
c
250 316 168
c
250 330 175
c
250 344 182
c
250 358 189
c
250 372 196
c
250 386 203
c
250 400 210
c
250 414 217
c
250 428 224
c
250 442 231
c
250 456 238
c
250 470 245
b
0 0 0 500 350 350 500 500
h
220 390 0 -500 350 350 500 500
b
16 0 8 504 342 342 508 511
h
222 390 2 -498 358 342 492 489
b
32 0 7 497 334 334 496 502
h
224 391 5 -495 366 334 504 498
b
48 0 16 500 326 326 484 492
h
226 392 8 -492 374 326 516 508
b
64 0 14 494 318 318 472 483
h
229 393 10 -490 382 318 528 517
b
80 0 13 487 310 310 460 474
h
231 394 13 -487 390 310 540 526
b
96 0 22 490 302 302 468 484
h
233 395 16 -484 398 302 532 516
b
112 0 20 484 394 394 456 475
h
236 396 18 -482 306 394 544 525
b
128 0 29 487 386 386 444 466
h
238 397 21 -479 314 386 556 534
b
144 0 28 480 378 378 432 456
h
240 398 24 -476 322 378 568 544
b
160 0 26 474 370 370 420 447
h
242 399 26 -474 330 370 580 553
b
176 0 35 477 362 362 428 458
h
245 400 29 -471 338 362 572 542
b
192 0 34 470 354 354 416 448
h
247 401 32 -468 346 354 584 552
b
208 0 42 474 446 446 404 439
h
249 402 34 -466 254 446 596 561
b
224 0 41 467 438 438 392 430
h
252 403 37 -463 262 438 608 570
b
240 0 40 460 430 430 380 420
h
254 404 40 -460 270 430 620 580
b
256 0 48 464 422 422 388 431
h
256 405 42 -458 278 422 612 569
b
272 0 47 457 414 414 376 422
h
258 406 45 -455 286 414 624 578
b
288 0 56 460 406 406 364 412
h
261 406 48 -452 294 406 636 588
b
304 0 54 454 498 498 352 403
h
263 407 50 -450 202 498 648 597
b
320 0 53 447 490 490 340 394
h
265 408 53 -447 210 490 660 606
b
336 0 62 450 482 482 348 404
h
268 409 56 -444 218 482 652 596
b
352 0 60 444 474 474 336 395
h
270 410 58 -442 226 474 664 605
b
368 0 69 447 466 466 324 386
h
272 411 61 -439 234 466 676 614
b
384 0 68 440 458 458 312 376
h
274 412 64 -436 242 458 688 624
b
400 0 66 434 550 550 300 367
h
277 413 66 -434 150 550 700 633
b
416 0 75 437 542 542 308 378
h
279 414 69 -431 158 542 692 622
b
432 0 74 430 534 534 296 368
h
281 415 72 -428 166 534 704 632
b
448 0 82 434 526 526 284 359
h
284 416 74 -426 174 526 716 641
b
464 0 81 427 518 518 272 350
h
286 417 77 -423 182 518 728 650
b
480 0 80 420 510 510 260 340
h
288 418 80 -420 190 510 740 660
b
496 0 88 424 502 502 268 351
h
290 419 82 -418 198 502 732 649
v
g
face.png