l
0 0 0 0 0 200
l
0 0 0 200 0 0
l
0 0 0 200 200 0
l
0 0 0 0 200 0
l
0 0 0 200 0 200
l
0 0 0 0 200 200
l
0 0 0 200 200 200
l
0 0 200 200 0 0
l
0 0 200 200 200 0
l
0 0 200 0 200 0
l
0 0 200 200 0 200
l
0 0 200 0 200 200
l
0 0 200 200 200 200
l
200 0 0 200 200 0
l
200 0 0 0 200 0
l
200 0 0 200 0 200
l
200 0 0 0 200 200
l
200 0 0 200 200 200
l
200 200 0 0 200 0
l
200 200 0 200 0 200
l
200 200 0 0 200 200
l
200 200 0 200 200 200
l
0 200 0 200 0 200
l
0 200 0 0 200 200
l
0 200 0 200 200 200
l
200 0 200 0 200 200
l
200 0 200 200 200 200
l
0 200 200 200 200 200
i
t 
100 100 100
a
v
i
x
45
y
45
z
45
t
100 200 20
a
v
g
pic.png
